# Graph 1
1|59,44,11,22,16,24,44,63,25,44,56,27,61,18,52,20,13,76
2|62,19,17,61,70,72,66,17,9
3|11,25,6,54,36,19,69,51,62,36,75
4|84,14,70,14,66,2,19,46,13,80,64,21,46,46,84,16,54,5,50
5|21,47,22,48,65,82,11,31,23,78,33
6|4,15,24,61,9,42,19
7|35,75,33,80,25,29,8,71,33,50,39,45
8|53,6,66,47,16,1,61,6
9|71,2,40,8,54,48,49,65,60,75,52,5,59,68,33,67,51,57,21
10|14,29,47,11,7,6,19,8,59,16,40,42,17,79,49
11|31
12|40,3,69,83,86,41
13|31,12,27,79,32,21,85,60,67,8,67,64,26,66,27
14|18,69,50,2,22,25,32,16,64,27,85,59,25,38,27,48,49,53
15|80,65
16|44,36,36,23,12,61,80,39
17|11,12,57,4,33,73,27,49,42,53,38
18|70,75,31,22
19|75,60,20,44,80,63,79,28,78,83,80,70
20|87,72,37,48,67,61,25,7,14,66,51,51,71,33,38,6,54,65,81
21|76,37,11,52,21,30,34,16,22,8,41,13,80,69,60,51,42
22|57,56,55,21,19,30,45,49,36,4,26
23|14,7,49,24,58,69,45,83,84,66,3
24|71,74,10,43,38,52,32,86,12,79,19,22,21,56,70,56,59,1,68
25|7,30,87,56,11,44,51,87,14,45,28,84,32,30,32,69,73,55,59,84
26|70,18,59,38,80,27,1,80
27|64,86,29,63,54,39,11,9,30,24,53,50,13,84,79,44,57
28|3,29,52,41,11,61,12,40,53,30,40,45,29,16,43
29|70
30|1,80,9,30,8,54,79,12,42,62,47,12,30,50,32,81,3
31|55,14,73,20,43,17,65,72
32|12,33,6
33|33,77,5,55,84,58,46,1,13,13,47,16,42,9,47
34|11,72,82,16,49,14,51,65,70,27,1,82,59
35|78,84,74,82,51,62,45,1,62,57,13,22,72,55,22,23
36|25,86,76,40,47,2,3,16,72,29,8,58,1,5,40,84,78
37|39,52,78,39,27,39
38|40,15,19,61,29,13,85,27,1,30,65,81,32,72,57,53
39|19,45,83,58
40|73,84,71,38,66,22,56,18,65,87,24,75,52,53,87
41|71,79,71,41,65,7,25,34,59,17,53,16,12,15,40,77,3
42|27,69,37,74,78,6,65,14,81,29,58,72,70
43|64,53,74,41,60,11,66,23,19,23,31,31,30,70,20,32,85,38
44|26,16,82,31
45|9,24,13,58,9,83,4,64,40,77,9,4,1,74,27,19,2,57,41
46|31,52,62,28,2,67,45,9,61,68,80,61,4,6,32
47|80,35,59,32,25,67,36
48|46,62,27,47,23,68,77,53,24,51,73,26,22,22,26,83
49|19,56,85,24,87,1,16,35,52,39,51,31,74,67,76
50|85,35,54,57,16,12,81,59,76,11,80
51|36
52|12,54,44,1,69,35,80,76,69,44,28,24,75,6,3,55
53|1,82,83,49,10,7,42,68,82,52
54|84,80,40,87,38,75,87,20,15
55|87,75,28,19,12
56|17,6,61,46,85,55,41,47,57,48,1
57|34,45,81,30
58|26,29,74,5,20,85,19,4,85,7,31,8,10,37,24,15,10
59|13,57,15,51,26,62,51,46,87,87,32,30,36
60|50,15,53,62,12,64,65,1,62,8,1,71,44,24,85,45,85,2,14
61|52,31,65,8,69,64,7,13,85,35,61,40
62|18,14,52,81,70,45,55,69,45,30,25
63|20,61,57
64|67,60,65,2,29
65|70,85,70,74,82,17,39,26,57,57,31,14,42,13,58,2,81
66|31,10,66,50,63,28,63
67|87,40,43,21,16,18,18,85,83,4,7,35,30,63,83,52,76
68|57,38,38,42,44,69,44,23,23
69|50,85
70|41,29,86,61,44,16,70,42,12,74
71|38,8,15,33,59,83,69,28,33,12,62,77,80,18,4,7,28,53,84
72|85,25,77,51,69,85,33,15,1,11,54,38,18,60,70,77
73|43,9,80,54,62,61,38,79,64,45,19,21
74|2,10,57,71,60,38,68,85,44,60,8,2,2,26,54,63,7,13
75|7,5,64,69,57,14,60,33,50
76|53,82,64,63,44,47,27,73,19,24,30,70
77|23,71,41,76,46,47,2,64
78|85
79|34,55,45,86,79,87,69,37,73,37,4,29,84,30
80|7,46
81|77,61,58,60,14,39,19,60,40,74,25,29,18,51,75,54
82|59,45,22,8,31,58,11,59,46
83|65,53,69,13,34,42,63,6,55,14,16,19,45,81
84|73,11,86,53,57,39,16,14
85|23,36,22,25,8,60,48
86|25,30,77,58
87|44,55,31,57,71,49
# Graph 2
1|8,8,1,11,7,8,10,7,3,11,4,11,9
2|1,9,1,2,5,8,10,6,5,9,4,7,3,5,3,8,4,8
3|2,8,11,9,4,5,11,4
4|10,10,7,10,5,5,10,7,1,8,10,5,4,2,1,6
5|1
6|10,6,5,9,2,2,6,4,6,5,7,1,2
7|5,9,7,9,7,2,9,2,11,11,5,10,9,8,3,7,8,1,2
8|9,1,10,1,4,4,4,8,2,3,8,4,11,3,1
9|2,7,6,10,5,10,9,11
10|11,7,1,10,6,10,5,6
11|4,8,8,7,2
# Graph 3
1|12,61,60,42,36,27
2|31,19,9,68,27,68,28,19,22,44,10,42,15,11,15,26,16
3|32,36,66,61,35,63,4
4|63,46,3,21,42,33,40,50,40,66,58
5|16,11,51,33,52,5,44,6,30,59,21,1,34,18,62
6|21,5,35,15
7|45,35
8|17,14,21
9|20,10,62,35
10|44,8,11,49,51,16,18,49,36,27,22,62
11|21,14,24,63,36,14,39,10,52,55,24,4,50,51,21,44,25,48,27,32
12|7,22,6,33,10,49,59,31,42,18,52,63,49,54
13|62,33,48,54,27,11,57,9,61,18,60,17,65,18,49,55,33,10
14|65,20,48,63,50,30,20,41
15|68,27,62,2
16|49,55,25,59,51,41,59,68,32,7,65
17|63,59,14,5,58,18,24,37,20,13
18|39,54,30,46,20,31
19|18,19,41,50,9,24,23
20|31,62,13,35,43,16,25,64,28,14,21,51,59,40,3
21|10,56,33,56
22|3,42,32,29,15,22,45,46,44,51,16,45,64,51,20,11,15,23,46
23|44,28,27,15,38,30,33,34,3
24|48,13,9,20
25|31,41,18,16,24,1,32,68,4,22,27,22,36,50
26|4,33,34
27|55,3,8,27,36,10,62,16,30,3,43,11,41,15
28|57,46,37,20,45,40,41,12,1,16,1,67,20,33,40,57,27
29|64,54,18,13,55,41,51,57,15,61,38,37,29,26,14,65,53,66
30|33,9,52,48
31|50,67,49,29,64,16,3,67,9
32|20,63,68,2,60,14,2,29
33|31,62,63,35,46,68,19,10,9,2,57,25,60,64,14,20,67,29
34|5,45
35|24
36|56,33,38,9,35,6,58,5,67,60,47,44,60,65,61
37|7,58,32,6,61,53,33,59
38|3
39|65,59,27,36,55,59,13
40|33,19,61,45,17,60,24
41|51,28,61,58,42,58,30,55,50
42|28,40,35,30,43,31
43|1,6,14,67,19,17,40,45
44|16
45|8,47,1,67,15,2,56,64,59
46|51,41,47,10,20,21,47,2,59
47|2,65,28,9,23,44,48,7,68,3,7,7,58,8,5,4,17,1
48|15,33,57,63,11,6,15,31,52,24,22,66,34,26,25,42,56,8,29
49|7,31,68,13,20,15,26,31,39,26,30,54,58,26
50|1,32,2,39,23,26,68,20
51|33,44,40,20,51,68,21,65,38,29,10,58,51,35,28,22,68,57,15
52|23
53|65,62,4,44,16,37,43,44,35,16,19,14,35,10
54|64,6,58,24,23,55,6,65,15,35,4,11,49
55|41,59,65,34,62,40,58,38,23,33,12,38,51,33,12,68,53
56|14,50,38,44,45,52,49,67,18,52,9,7,44,58,65
57|23,66,20,20,43
58|52,62,19,43,26,31,42,18,45,63
59|15,39,43,66,19,41,23,2,58,29,54
60|33,34,9,38,61,29,12,35,20,5,61,62,38,23,44,55,68,38,54
61|16,36,19,34,17,41,44,14,10,29
62|50,2,16,28,62,52,39,36,4,52,29,5,29,59,48,16
63|26,9,19,41,52,45
64|68,26,58,21,43,26,28,24,35,44,51,28,35,30,4
65|21,32,51,49,30,38,64,28,63,12
66|36,64,31,58,63,56,47,24,30,12,51,61,46,34,52,13,1,21
67|46,41,55,36,21,17,6,25,44,68,36,29
68|31,67,32,34,54,18,65,23,37,47,24,22,13,15,35,13,35,58,66
# Graph 4
1|9
2|47,40,12,2,57,22,33,55,44,17,49,6,51,31,48
3|50,30,16,34,19,23,56,46,34,57,18,38,21,30,49,8,10,2,9
4|27,46,7,11,3,59,17,57,34,5,8,25,38,27,3
5|49,3,46,23,4,9,5,25,38,58
6|52,4,45,4,30,35,14,40,41,13,1,38,51,6,46,16,43,13,22,44
7|28,34,33,31,46,42,55,25,40,32,21,43,21,24,13
8|37,56,40,53,57,18,44,7
9|4,49,25,29
10|35,56,16,8,32,2,49,31,30,29,3,54,16,27,18,28,22,58
11|6,56,22,24,44,32,35,52,25,59,25,3,34,26,22,46
12|27,35,28,2
13|35,55,24,2,18,56,28,20,25,33,16,46,1,5,22,36,56,46,39,21
14|14,46,14,59,47,45,38,16,46,46,54,45,15
15|3,11,31,27,35,5
16|25,9,50,46,44,46,32,24,12,25,41,2,42,40,49,31
17|9,21,9,7,7,27,6,13,41,37,39,20,45,26,48,53
18|38,42,7,14,10,18,42,54,23,25,34,12,55,59,24,21,8
19|27,38,40,43,19,17,27,42
20|52,30,3
21|8,44,18,22,57,39,4,51,3,32,29,18,32,29,46,52,40
22|23,23,59,6,41,20,36,28,25,28
23|28,44,10,16,2,31,18,41,38,13,47,15,42,9,50,15
24|46,58,15,9,21,14,18,7,38,54,34,3,26,31,34,10,40,54
25|15,16,1,57,28,47,16,14
26|6,28,54,51,31,13,4
27|30,25,2,8,19,35,15,49,11,48,58,54,46,14,10,2,14,11
28|5,30,47,5,35,20,3,30,50,15
29|45,44,2,47,52,25,26,7,14,36,58,16,31,49
30|44,50,47
31|24,56,28,16,5,7,35,7,40,29,21,17,14,5,22,5,1,46,31
32|4
33|14,20,41,3,53,25,56,44,27,25,40,54
34|48,5,19
35|44,47,19,5,5,28,27,10,28,17,40,39,21,50,52,40,36,58
36|5,54,21,32,19,6,30,3,53,35,21,52
37|8,11,24,13,38,54,26,7,11
38|49,31,4,45,15,39,43,51,44,41,17,20,1
39|49,7,19,24,28,11,47,39,26,15,55,4,9,21,14,23,34,3
40|38,51,13,17,34,5,5,16,25,24,20,50,14,26,13
41|57,24,28,37,53,42,32,56,54,57,11,18,31,17,16,13
42|28,30,46,36
43|6,1,3
44|50,16,55,8,56,52,31,29,33,24,11,6,24,10,7,34,27,41,55
45|54,4,10,28
46|50,6,55,50,8,24,45,23,23,52,24,16,27,52,52,54
47|57,18,20,8,56,46,49,51,32,47,58,46
48|51,36,20,50,30,28,15,15
49|41,11,22,56,41,18,49,35,29,50,57,48,3,57,39,55,48
50|42,50,1,1,41,36,20
51|7,51,50,25,46,31,36
52|32,17,30
53|56,58,15,53,50,21,54,29,16,42,44,2,36,44
54|17,21
55|52,31,13,42,55,3,14,35,19,45,56,48,10,52,50,28,49,40,49
56|14,9
57|2,11,5,45,12,25,10,33,18,44,50
58|40,56,13,19,15,2,15,3
59|11,56,43,59
# Graph 5
1|52
2|17,2,15,41,18,35,35,33,16,22,32,29
3|15,4,6,2,9,32,28,19,26,32,41
4|28,27,4,20,7,55,20,8,13
5|10,32,23,26,47,28,1,19,39,55,7,28,56
6|3,12,17
7|27,1,37,54,12,40,1,18,23,20,25,19,48,18,34,14,43,8,42,43
8|8,42,17,19,25,31,21,36,47,33,46,32,53,43,43
9|43,44,42,47,12,45,38,30,22,36,56,30,21,43,40,12
10|56,30,52,14,34,16,44,50,5,19,30,32,45,50,2,32
11|48,28,7,14,41,13,49,40,26,53,26,49,8,37,32,21,17,45,54
12|16,32,20,35,5,51,7,54,53,39,17,28,50,7,41,34,3,33,17,12
13|27,4,20,47,35,40,7,7,22,22,23,53,26
14|41,4,47,39,40,13,39,12,6,29,36,23,16
15|24,27,9,50,31,13,24,49,36
16|56,1,36,22,37,45,6,6,49,36,28
17|49,50,11,38
18|47,5
19|27,28,48,35,5
20|47,28
21|11,42,37,51,6,42,32,50,31,21,42,11,48,42,43,41,52,24
22|42,12,51,12,23,42,31,11,31,5,23,12,15,8
23|10,13,34,25,7,49,45,32,3,36,17,29,4,53,36,33,38
24|27,34,54,52,8,49,26,12,15,38,27,22,14,20,19,31
25|9,23,32,24
26|51
27|37,38,21,17,14,2,48,41,19,29,36,26,21
28|22,35,27,32,41,24,51,43,54,38,51,5,53,18
29|31
30|34,12,6,50,9,48,25,49,10,37,13,20,2,2,41,20,12,16
31|19,50,30,16
32|24,4,11,26,17,41,51,50,52,1,27,4,32,51,37,25,15,33,44
33|18,12,4,13,11,47,31,4,5,30,18,28,34,28,37,50,12,32,27,47
34|53,35,31,31,15,55,45,31,27,45,48,38
35|4,49,22,18,36,26,47,54,38,24,25,2,1,37,33,27
36|32,23,45,6,37,43,5,10,17,31,54,48,52,29,51,28,34,12,8
37|43,5,25,10
38|26,51,33,43,21
39|18,28,16,24,48,3,12,1,3,26,38,51,5,50,29,33,28,25,24,15
40|28,23,4
41|48,38,1,18,43,44,36,14,3,43,45,45,38,46,32,47
42|26,51,21
43|27,48
44|50,46
45|5,12,28,29
46|9,29,5,51,56,24,48,42,50,37,31
47|26,6,21,52,15,55,56
48|10,47,26,3,20,9,48,31
49|4,18,29,32
50|7,31,29,55,56,22,19,30,52,44
51|56,23,33,54,7,13,7,37,22,50,1
52|25,31,34,28,32,6,43,37,12,1,9,50,56,14,12,30,49,39
53|48,46,9,30
54|5,20,16,10,53,16,23,21,31,56,32,6,45,18,27,1
55|19,34,18,33,30,31,25,12,6,1,41,54,14,20,42,17,36,51
56|51,18
# Graph 6
1|1,6,15,18,23,25,2,25,15,7,26,3,8
2|12,4,17,24,16,15,21,8,28,9,15,7,6,21,8,8
3|8,25,28,25,3,24,26,27,10,5,8,13,24,19,8,27,8,3
4|6,23,6,17,3,4,23,21,24,2,12,25,10,8,24,18,10,19,16
5|13,4,28,9,27,19,16,26,10,18,24,15,12
6|3
7|4,10,2,11,11,13,8,4,20,15,22,14,18,21
8|14,24,17,22,6,19
9|3,28,10,10,26
10|10,1,14,25,22,16,8,4,28,27,20,4,13,25,17,14,17
11|27,24,6,4,1,25,24,16,8,5
12|6,21,19,18,7,15,11,22,22,26,5,20,17
13|17,25,8,2
14|13,13,20,19,16
15|27,12,20,6,28,28,11,5,18,28,11,17,22,16,22,20,20
16|20,12,14,17,19,15,1,16,11,5,6,27,9,16
17|12,21
18|11,4,9,13,15
19|13,9,18,6,28,22,3,19,5,16,19,23,15,4,10,25,8,27,7
20|14,12,11,7,17,5,22,9,1,20,12,13,28,1,19,11
21|5,14,26,21,4,5,7,19,14,15
22|13,6,25,26,17,7,16,17,24,21,26,24,13,9,9,24,21,11
23|15,15,4,24,7,19,28,25,10,26,24,19,10,13,16
24|1,6,19,18,1,11,27
25|23,7,17,3,27
26|21,25,25,24,5,16,26,16,12,7,13,19,26,6,3,25,9,16,2
27|17,15,21,15,23,28,5,11,2,15,21,22,24,17,1
28|4,26,15,28
# Graph 7
1|1,1,1,1
# Graph 8
1|4,31,3,32,17,8,22,19,3
2|1,20,32,13,9,11,18,21,26,25,14,21,16,30
3|6,7,4,10
4|1,13,23,3
5|7,10,1,26
6|2,26,31,1
7|7,12,24,27,5,16,9,25,32,6,16,5,13,20,14
8|20,26,26,22,5,1,32,5
9|11,6,19,10,6,25,16,17,16,11
10|32,19,14,31,24,30,3,4,17,16,8,4,9,1
11|13,1,24,17,26,3,22,13,12,27,5,27,12
12|5,1,20,23,14
13|15,11,20,18,27,3,25,30,11,26,23,23,26,14
14|20,16,28,32,27,22,4,22,1,24,26,1,11,17,15,28,31,25,15
15|20,17,9,17,27,2,7,17
16|21,23,14,4,18,13,31,8,17,20,8
17|13,9,19,29,23,14,27,15,29,11,2,13,19,19,8,20,25,24,14,13
18|28,17,32
19|15,7,24,2,15,32,14,23,18,11,13,31,5,27,27,15,29,8,1,15
20|20,7,6,2,20,20,29,4,20,4,18,26,28,19,8,27,32,30,12
21|10,10
22|5,5,29,1,12,30,15,26,17,21,31,18,8,19,14
23|6,18,28
24|13,14,7,7,14,4,18,23,14,27,5,18,31,2,18
25|31,32
26|15,20,2,1,28,20,14,6,25,31,2
27|11,15,29,17,28,1,2,19,14,29,23
28|27,24,16,5,22,15,7,5,2,8,5
29|27,18,3,19,17
30|10,27,18,6
31|14,6,13,32,19,9,22,17,4,14,32,8,3,14,14,7
32|22,11,12,16
# Graph 9
1|45,38,42,33,52,37,43,50,33,30,5,30,36,8
2|38,54,14,37,36,33,46,42
3|19,39,21,35,38,55,11,23,33,56,59,29,33,47,20,6,17,28
4|52,39,17,34,34,30,16,14,7,2
5|24,24,38,44,58
6|39,13,43
7|10,43,44,42,30,8,52,50,35,35,46,19,51,25,52
8|40,10,36,45,10,59,13,47,47
9|8,30,28,55,45,37,38,34,23,12,41,19,6,21,54,51,39,49,16
10|15
11|48,51,48,57,54,1,49,42,16,1,16
12|55,2,24,37,39,50,52,20,10,57,44,8,49
13|56,9,6,16,13,54,11,1,55,5,6,48,50
14|49,7,8,48,12,35,26,50,25
15|14
16|20,58,45,13,29,42
17|35,57,37,29,8,42,28,16,47,17,7,12,10,17,23,2,28,57
18|18
19|53,35,5,17,37,49,29,7,31,57,41,32,39
20|39,21,45,59
21|2,6,27,15,22,49,17,53
22|51,15,20,44,49,24,1,27,14,33,33,48,35,18,21,14
23|4,34,20,3,49,26,12,16,44,33
24|5,30,3,56,44
25|40,34,46,45,1,4,22,37,55,56,58
26|10,33,24,47,56,26,36,26,38,51,11,15,59,15,45,6
27|29,28,59,7,18
28|11,21,10,47,16,7,49,36,20,22,59,8,23,25,43,48
29|39,3,22,42,18,11,48,36,39,16,35
30|33,23,56,57,33,48,17,39,37,52,58
31|55,10,26,25,53,18
32|36,21,56,18,42,7,6,18,50,25,53,40,2,20,36
33|52
34|16,35,10,12,34,13,8,47,42,36,40,59,7,16,24,4,38,6,14
35|24,4,13,21,43,14,40,24,13,37,55,32,12
36|47,49,21,58,37,3,34,21,7,45,41,30,52,19
37|6
38|4,10,18
39|56,32,12,20,48,48,20,24,1,24
40|49,49,10
41|51,47,51,2,32,32,36
42|54,16,30,59
43|43,18,54,43,53,6,8,45,54,27,9,58,50,19,51,39,32,22,35
44|13,40,51,48,20,16,42,35,49,41
45|36,3,55,19,59,2,26,44,59,52,52,57,47
46|48,26,51,10,5,11,26,49,7,14,9,26,55,48,19,41,49,54,43,45
47|43,50,39,31,49,31,28
48|18,43,38,48,38,52,56,53,18,45,59,36,58
49|35,46,47,16,35,41,4,24,53,46,14,36,21,3,8,48,52,29,35,31
50|14,27,18,7,48,7,10,24,9,42,59,54
51|15,34,14,18,57,11,8,16,47
52|18,58,21,15,31,1,49,52,14,16,14,24,4,24,37,32,33,23
53|31,55,49,5,9,12,7,23,23,22,14,55,43
54|21,57,47,21,46,43,38,2,1,6,10,24
55|41,1,5,12,32,59
56|40,12
57|46,34,43,12
58|38,55,8,58,52,58,19,39,41,1,44,45,6,53,14,47,34,14
59|49,49,58,58,30,14,18,20,52,1,32,44,39,27,55,41,23,54,5,2
# Graph 10
1|11,10,9,2,3,2,6,9,12,5
2|8
3|11,2,7,1,9,14,4,13,3,12,11,3,7,2,5,7
4|12,3,9,4,3,9,6,6,1,1,8,3
5|10,11,7,14,12,13,13,1,9,2,11,6,4,3,5,6
6|4
7|8,10,5
8|4,8,11,3,8,4,5,13,13,2,4,12,11,2,9,9
9|10
10|14
11|3,4,2,8,6,14,13
12|4
13|3,9,2,5,14,3,7,13
14|8,14,11,2,1,5,11,9,14,11,8,8,12,10
# Graph 11
1|58,14,69
2|74
3|68,58,76,45,13,19,60,55,72,8,48,10,15,41
4|62,47,10,42,26,67,26,47,31,20,25,44,63,17,13,48,60
5|44,79,58,38,59,8,30,42,31,14,56,71,27,13,13,11,54,38,77,55
6|3,74,58,21,58,50,34,26,30,53,45
7|31,57,63,14,7,25,44,75,55,10,22,42,22,32
8|35,4,45,68,61
9|47,2,47,71,10,47,21
10|66,24,68,43,61,2,25
11|45,20,35,54,16,51,51,22,42,6,25
12|73,60,75,15,62,17,6,46,64,1,29,25
13|72,68,60,73,13,41,14,7,50
14|76,76,13,18,38,72,17,73,66,77,69,55
15|60
16|79,19,61,4,44,35,75
17|16,43,19,31,31,79,55,73
18|51,60,67,63,53,58,57,39,55,21,14,63
19|49,63,20,6,41,63,40,11,69,30,28,62,35,59,61,11,52,31
20|32,18,20
21|75,76,18,26,17,7
22|17,30,46,11,35,61,73,50
23|37,79,20,19,35,78,79,20,25,5,55,31,76,74,11,47,70
24|72,61,63,55,53,14,76,63,23,57,32,47,49,68,47,43,8,56,16
25|75
26|66,25,45,62,20,30,4,64,8,75,46,70,26,73,58,22,56,56,53,8
27|76,51,44,39,58,74
28|39,69
29|79,69,9,37,63,38,40,47,45,11,67,11,36
30|68,32,12,19,5,73,42,56,44
31|15,76,1,44,11,44,7,10,8,15,21,70,28,61,38,72,46,79
32|2,35
33|8,46,39,66,14,1,42,58,61,32,29,36,75,39,79,2
34|8,71,44,77,19,79,10,65,45,10,43,21,19,63,3,64,22,69,77
35|6,30,58,37,59
36|7,18,67,63,16,49,54,60,22,47,34,31,32
37|15,49
38|33,32,77,71,29,41,44,26,46,73,58,4,27,71,64,20,33,47,35,3
39|69,24,42,24,29,74,77
40|43,71,26,50,43,18
41|4,61,78,50,29
42|28,56,22,12,75,54,34,5,56,29,74,54,71,18,4,40
43|76,57,60,22,2,24,14,54,27,49,27,51,78,3,78,29
44|65,24,53,19,28,29,22,76,58,67,14,36,27,3,32,59,38,28
45|36,42,10,62,11,36,9
46|14,7,12,12,71,10,64,64,13,68,7,9,21,73,77,56,75,54,62,29
47|10,63,47,51,47,5,37,58,13,20
48|73,7,57,40,70,17,24,3,59
49|66,79,53,63,55,23,37,37,26,24,21,63,45,47,6
50|4,63,36,77,29,30,58
51|69,49,51,13,51,30,72,12,4
52|74,58,42,7,69,67,30,11,50,74
53|55,19,35,13,54,7
54|4,65,51,72,34,22,60,59,27,27,71,30,46,40
55|8,46,52,49,50,37,73,20,68
56|13,23,11,66
57|27,45
58|52,12,23,73,46
59|74,72,47,25,38,8,62,20,28,9,68,53,46,37,47
60|60,59,32,70,20,36,71,64,25,43,76,47
61|42
62|6,10,45,5,47,27
63|42,29,75,5,2,16,41,23,24,75,2,55,41
64|11,32,60,10,50,31,56
65|48,54,41,57,73,21,78,74,61,40,23
66|45,79,46,60,76,70,56,78,20,71,74,6,77,29,15,47,60,46
67|3,74,19,59,67,39,57,36,20,72,33,51
68|32,71,71,29,36,22,2,56,13,50,36,65,53,50,7,33
69|10,10,64
70|68,26,41,21,61,35,13,15,60,24,21,27
71|24,62,12,79,13,78,49,48,63,23,73,45,30,38,54,40,23
72|3,23,46,23,5,1,10,73,36,8,68,62,77,13,19
73|12,32,36,36,54,74,58,22,39,62,60,13,76
74|18,79,79,63,22,58,38,7,51,73,14,15,30
75|27,49
76|13,55,30,48,29,24,1,26,37,63,6,24,59,62
77|58,36,24,55,15,61,61,40,30
78|54,59,60,55,3,53,68,57,57
79|61,55
# Graph 12
1|5,3
2|3
3|2,5,5,1,1,4,4,2,1,2,2
4|3,4,3,5,3,5,2,1,4
5|2,1,4,1,3,6,3
6|5,2,4,1,3,3,4,6,4,4,5,3,6,2
# Graph 13
1|16
2|13,9,7,2,15,18,12,7,7,1,4,13
3|8,9,17,8,15,7,3,12,2,4,17,16,2,10
4|16,5,13,8,13,17,7,9,17,1,13,3,17,17,15,8,4,3,6,10
5|11,12,9,12,14,5,8,15,12
6|10
7|13,15,10,12,3,16
8|1,11,10,17,7,6,4,10,7,10,1,3,2,11,9,13
9|11,2
10|4,2,7,17
11|3
12|6,3,4,13,4,14,4,18,18,7
13|9,13,11,8,14,12,16,2,4,1,13,4,16,16,3,4
14|15,6,2,18,6,3,10,9,14,11,7
15|18
16|2,10,2,9,3,11,4,5
17|4,17,15,1,12,18,2,6,12,5,6,12,10,8
18|17,4,14,5,16,11,12,17,18
# Graph 14
1|9
2|24,24,22,13,18,19,1,10,16,22,7,6,23,4,1,3,8
3|14,6,9,8,21,7,7,21,11
4|27,11,12,21,5,25,26,22,14,18,24,21,11
5|19,4,25,19,27,24
6|3,1,28
7|13,5,16,4,8,11,1,18,14,14,23,2
8|7,7,19,1,28,21,22,9,17,9,19,6,4,10,9,25,8,18,8
9|26,11,12,28,4,21,5,9
10|6,2,21,12,20,13,2,4,27,10,20,6
11|25,1,1
12|25,29,14,24,4,2,27,7,29,22,28,4,22,4,1,23,24
13|5,29,14,8,26,16,19,2,7,15,24,28,10,19,27,15,6
14|8,24,21,8,8,19,3,29,23,4,14
15|8,18,8,21,18,25,28,7,27,26,13,21,24,15,2,14
16|28,28,29,14,19,28,21,1,1,20,15,25,4,23,3,14,23
17|2,18,14,29,7,11,5
18|26,19,21,2,2,11,29,1,25,19,28
19|19,29,28,4,16,23,18,19,28,11,5,29,21,18,21,27,20,25,17,9
20|29,10,7,2,10,29,26,20,27,5,9,18,24,4,5,9,21,23
21|24,27,28,15,7,19,4,19,6,12,27,3,3,28
22|5,8,1,22,27,27,18
23|8
24|1,12,13,14
25|20,29,15,18,14,21
26|9,2,5,21,20,8,15,19,9,19,18,9
27|8,27,21
28|5,4,19,16,16,3,4,27
29|18,15,7,2,14,7,3,19,19,15,18,5,4,26,23,13,26
# Graph 15
1|60,12,17,46,29,27,46,39,22,84,51,80,27,53,77,79,51,41,14
2|35,86,70,84,20
3|15,81,80,3
4|45,14,64,4,34,82,42,72
5|39,28,10,65,80,78,58,36,24,63,22,58,62,5,47,81,66,62,67
6|64,36,10,69,5,13,8,86,54,79,16,6,20
7|63,5,86,26,33,24,2
8|81,63,51,42,49,22,17,29,73,72,57,74,46,61,86,53
9|46,37,68,43,48,85,19
10|84,44,76,21,37,36,8,13
11|41,61,13,57
12|77,34,44,64,79,18,64,37,70,15,73,52
13|34
14|76,77,39,25,67,52,62,8,51,66,7,5
15|11,53,28,2,86,71,65,70,80,34,20,64,48,84,21,19,31
16|86,21,6,24,79,49,77,86,13,57,84,9,3,9,61,22,10,52
17|66,27,69,6,38,46
18|35,58,63,65,25,62,78,31,78,70,79,68,62,84,38,59,6
19|67,59,45,68,24,42
20|51,25,45,2,62,11,29,34,66,7,50,41,76,80,32,60,65,6
21|54,35,85,59,67,58,31,25,31,47,59,70,3,83,28
22|50,31,24,75,2,23,39,42,12,24
23|63,2,63,3,55,11
24|20,69,51,42,8,81,2,58,65,82,54,84,78,9,20,15,84,21,37,36
25|49,59,26,17,53,2,20,13,12,13,24,81,63,66,80
26|59,51,27,55,10,25,38,18,36,52,7,49,81
27|17,35,7,34,51,51,35,70,55,38,74,79,24,50,50,9,21,14
28|39,60,60,63,11
29|5,63,76,53,49,24
30|83,22,8
31|72,34,23,40,71,2,24,1,52,73,9,64,1,60,16,60,25,71,71
32|67,39,84,33,79,13,7,75,34,6,27,11,39,41,42,23
33|66,23,86,52,24,63,44,83,70,18,13,46,80,21,26,24,10
34|16,22,56,4,47,61,22,57,13,63
35|28,11,77,42,10,35,65,64,70,53,47,79,66,7,72,78
36|1,1
37|16,14,51,11
38|18,33,30,22,1,41,49,11,24,5,20,50
39|83,33,20,35,26,77,41,3,68,65,4,60,60,19,73,16,22,46,33
40|75,55,46,21,9,48,36,5,59,85,58,55,24,77,81,41,59,28,43,32
41|46,5,57,57,77,72,70,28,11,29,8,57,74,28,65,27,56,62
42|46,33,45
43|15,39,23
44|66,58,10,71,9,14,33,57,82,19,40,15,21,68,22,77,47
45|47,73,10,22,63,56,46,21,30,60,60,45,38,39,16
46|16,24,52,48,81,47,58,26,61,78,8,82,60,46,29
47|25,38,26,1,85,72,22,29,45,81,73,75,25,80,35,40,9,1,80
48|39,43,29,14,35,28,1,86,73,29,12,11,59
49|12,57,23,25,77,59,19,55,47,35,48,74,67,57,74,60,51,18
50|71,31,42,12,24,34,77,44,45,79,16,74,82,73,2,20
51|61,30,24,13,57,71,78,37,33,57,2,84,75,9,68,19,51,72,34
52|54,78
53|38,7,14,26,71,15
54|40,67,67,63,72,37,39,63,65
55|34,66,69,22
56|42,32,30,19
57|11,64,57,45,16,55,50,41,32,64,77,71,37,49
58|22,77,77,84,55,62,31,26,36,44,6
59|76,27,2,47,38,66,9,74,73,63,37,19,86,6,1,70,42,50,22,63
60|5,53,79,66,75,18,16,33,15,85,14,34,78,60,63,57,68,42
61|36,78,53,36,75,54,11,31,9,25,85
62|29,51,32,86,40,42,7,64,48,83
63|81,75,50,57,37,23,12,72,50,81,38,77,62
64|2,6,5,18,82,45,38,39,68,37,78
65|36,47,71,32,37,57,20,78,20,57,6,23,42
66|10,71,46
67|68,39,68
68|48,63,22,85,15,4,27,84,18,62
69|80,8,80,51,27,63,70,83,68,84,30,37,7,15
70|77,82,18,50,59,65,27,73,63,33,76,3,31,85
71|66,79,64,52,43
72|28,18,79,10,7,22,38,14,28,25,82,23,34,46
73|12,64,52,74,10,41
74|32,31,38,12
75|15,63,57,11,4,66,3,5,73,24,34
76|52,58,73,66,83,32,45,8,9,10,73,11,42,47
77|73,84,53,1,5,21
78|15,17,37,17,21,15,32,55
79|75,18
80|47
81|16,5,14,17,7,1,27,48,47,68,26,36,27,27,40,47,84,54,55
82|62,76
83|8,36,46,74,45,30,34,51,46,39,65,62,45,57,80,84,9,61,24
84|79,42,76,32,31,35
85|56,11,67,2,10,16,40,83,53,69,31,17
86|61,81,81,11,51,74,8,59
# Graph 16
1|1,1,1,1,1,1,1,1,1,1,1
# Graph 17
1|9
2|3,39,44,3,14,1,63,89,83,74,85,45,4,55,54,82,63,2
3|32,53,31
4|78,14,80,26,77,44,34,3,68,5
5|3,18,68,65,39,83,71,35,39,8,22,25,22,84,26,82,48,12,45,58
6|58,70,25,68,25,80,70,25,17,48
7|35,48,25
8|42,29,62,13,36,16,37,57
9|85,71,79,7,27,70,28,17,50,75,84
10|65,64,32,82,44,81,49
11|16,76,66,44,49,11,12
12|69,68,7
13|72,18,3,9,87,31,25,70,38
14|76,13,16,18,27,82,31,8,17,69,84,15,45,43,25,57,39,26,57
15|1,39,63,3,69,82,55
16|62,3,68,49,38,16
17|64,8,52,72,46,31,66,60,75,41,17,42
18|43,10,35,65,70,30,89,50,44,55,76,17,79,54,87
19|69,18,24,10,69,6,55
20|4,48,85,44,86,37,55,61,68,22,36,71,51,36,31,28
21|39,44,34
22|41,61,26,80,84,35
23|22,23,69,47,70,64,23,88
24|77,60
25|10,28,15,82,85,45,20,18,16,85,74,40,58,45,66,49,61,11,19
26|55,87,61,57,84,83,56,50,3,48,83,12,75,9,27,4,75,46,43
27|64,27,63,32,4
28|80,64,72,31,11,37,51,71,27,45,86,82,5,22,62,20,33,69,50
29|72,36,60,26,59,34,74
30|65,78,4,78,74,8,19,85
31|69,88
32|46,18
33|72,39,78,3,4,80,52,85,62,20,55,20,11,21,5
34|18,82,1,6,88,8,47,83,73
35|82,9,5,32,25
36|70,36,11,73,26,85,1,20,37,77,40,48,8,66,45
37|80,45,31,78,52,10,5
38|58,19,87,62,50,45,70
39|80,14,35,38,31,58,57,89,45,29,47,53,5,24,78,17,68,41
40|52,51,10,42,19,28,39,13,10,83,15,61,6,50,6
41|80,63,33,13
42|61,59,4
43|16,81,15,83,32,42,68,15,73,20,55,33,80,67,42,74,15,35,12,86
44|55,10,58,20,22,9,13,13,12,33,28
45|70,44,79,22,22,4,28,63,59,82
46|58,57
47|5,2,71,2,64,58,11,33,77,32,41,89
48|75,55,72,10,35,26,88,56,69,25,16,42,83,9
49|73,65,86,78,66,67,12,41,35,22,6,44,53
50|65,29,53,30,11,63,64,58,83,53,37,18,68,11,33,9
51|39,73,34,49
52|11,60,23,67,81,50,43,66,28,40,27,81,70,38,76,66,28,69,51
53|20
54|8,52,38,45,1,44,78,49,26,21
55|48,20,54
56|84,30,57,35,57,70,15,27,56,13,76,58,64,73,10,26
57|83,85,58,17,39,69,87,64,22,39,44,42,3,73,36,55
58|70,22,21,17,70,10,52,56,89,48,62,31,73,75,24,68,43,40,40
59|38,14,44,9,58,18,11,41,75
60|14,78,19,57,5
61|88,78,10,20,36,71,50,19,56,73,20,9,46,59,53,83,5,29,2
62|46,34,36,31,32,71,41,72,38,68,4,58
63|13,77,3,16,59
64|71,43,84,12,21,53,64,14,58,25,37,52,70,3,20,34,34,2,74
65|61,52
66|30,41,54,39,65,2,9
67|72,73,13,83,4,87,80,39,77,15,8,40,18,10,81,73
68|82,57,15,54,42,56,16,15,42,54,79,43,84,29,25
69|63,40,70,61,30,19,70,67,26,42,84,58,34,67,34,26
70|48,12,30,36,49
71|77,36,33,52,30,62,9,30,35,48,10,28,11,51
72|77,76,50,4,66,16,70,10,42,58,79,75,88,47,57,42,56,3
73|18,54,2,48,83,58
74|26,86,39,76,27,48,84,9,73,61
75|53,3,88,43,82,6,41,39,62,16,6,86
76|45,73,46,4
77|36,32,24,54,3,10,80,50,5,89,55,87
78|18,89,44,82,14,49,34,75
79|71,13,62,26,57,45,4,82,44,39,24,89,4,48,10,16
80|36,37,84,55,82,34,54,36,27,68,18
81|75,83,63,87,55,88,76,33,24,69,9,62,25,30,87,73,61
82|13,7,50,8,83,43,41,48,11,67
83|50,59,55,43,32,52,31,52,38,85,8,17,26,3,42,55,89
84|27,35,59
85|85,66,49,60,40,29,3,17,9,53,9,63,28,62,25,80,25,84
86|54,12,33,56,75,21,56,32,47,1,23,34,18
87|82,10,61,43,13,10,51,87,18,24,25,80,70
88|37,65,45,1,9,11,57,16,31,45,69,10,67,2,43,85,45,58,5
89|33,17,26,84,14,65,40,61,55,43,9,2,40,75,3
# Graph 18
1|38,28,37,36,15,11,36,35,35,6,24,17,18
2|14,6,10,26,16,17,42,19,12,12,20,20,34,11,34,9
3|29,34,24,20,4,33,13,36,23,17,17,39,34,35,8,37,42,34
4|16,31,26,28,42,1,3,33
5|36,39,37,22,30,16
6|31
7|7,24,28,23
8|22,12,31,30,7,30,21,14,4
9|40,29,6,38,31,36,5,22,32,39,1,17,13,37,3
10|1,26,42,24
11|21,35,10,6,41,38,26,11,39,32,8,25,35,1,11,28,4,32,15,42
12|29,10,24,31,26,22,13,25,3,34,1,36,42,7,32,37,30,42,31,18
13|11,10,6,21,36
14|8,8,6,35,35,16,14,23,41
15|35
16|36,25,21,29,24,27,18,16,15,18,4,30,22
17|39,25,30,30,31,37,38,37,27,28,8,40,8,4
18|41,24,23,23,2,9,2,27,27,15,39,42
19|26,21,27,20,4,14,8,34,6,1,26,32,28,33,27,35,36,14,31,15
20|11,15,3,10,41,27,24,35,26,39,18
21|23,35,4,34,42,35,39
22|19,26,27,7,10,18,41,22,6,13,16,15,25,16,24,23,41,4
23|22,42,28,24,21,21,25
24|20,18,7,18
25|32,2,38,40,19,36,19,23,5,34,35,29,5,16,8,3
26|20,25,17,4,4,37,24,29,4,1,2,10,18,33,42,18,28,37,34
27|13,14,24,2,6,10,6,20,15,7,34,33
28|8,36,32
29|17,18,4,15
30|11,31,7
31|6,35,4,39
32|14,9,35,15,12,42,19,29,15,23,21,5,11,26,40,40
33|12,14,27,26,30,37
34|37,3,19,27,4,14,38,16
35|28,28,29,27,4,16,39,26,34,41,34,17,36,32
36|5,1,22,31,30,15,42,22
37|17,6,18,30,41,33,5,26,17,33,9,18,6,3,42,37,2,33,12
38|20,7,42
39|29,28,6,41,27,27,13,1,31,30,28,27
40|32,9,35,23,17,10,26,19,9,19,18
41|30,13,15,34,10,33,18,37,36,16
42|20,28,20
# Graph 19
1|11,9
2|5,17,14,7
3|9
4|1,16,24,5,13,15,23,1,7,8
5|12
6|18,20,18,18
7|7,5,16,10,13,15,14,5,4,12,17
8|5,10,4,21,14,8,11,4,24
9|3,13,21,18,22,16,11,15,18,18,20,10,19,8,16,24,5
10|11,13,24,7,22,19,3,3,18,6,22,17
11|16,21
12|9,19,17,20,9,11,5,20,20,23,4,3,14,24
13|16,12,13,22,2,7,17,20,16,22,18,9,11,9
14|13,18,7,5,5
15|15,9,11,2,23,6,5,12,21,18,3,9,23,16,2,5
16|21,13,21,6,13,8,15,9,12,24,16,16,4,23,23,4,1,16,2,7
17|13,3,6,7,3,4,22,4,24,6,17,4,2,22,16,1
18|1,12,19,8,20,14,22,18,17,22,1,18
19|13,22,23,18,4,17,13,2,21,4,23,5,8,16,2,23,9,22,15,12
20|14,7,22,11,16,14,9,17,24,4,21,21,2,14,17,19
21|10,7
22|24
23|20,7,4,11,15,17,1,19,1,15,1
24|17,9
# Graph 20
1|26,11,14,7,24
2|9,11,2,27,14,20,21,14,10,17,5,24,6,2
3|19,14,2,22,9,5,12,9,14,24,23,13,26,18,9,4
4|19,5,25,21,14,19,7,12,24,12,8,2,2,1,20,4,2,15,12
5|15,10,9,11,5,21,26,23,19,2,10,10,6
6|20,8,15,26
7|27,26,27,1
8|27,9,3,18,12,4,13,26,2,21,26,6,3,13,17
9|14,27,9,8,12,1,16,15
10|8,14,14,7,3,13,23,27,5,13,12,24,14,26,25,7,13,19,25,25
11|8,27,13,16,8,24,5,23,11
12|19,24,5,25,26,7,9,25,27,10,25,23,23,13
13|18,14,16,16
14|13,12,27,25,16,7,21,20,18,20,27,9,16,5,23
15|11
16|17,10,14,3,21,25,15
17|16,18,6,20,2,19,20,17,5,8,24,15,16
18|7,15,12,12,8,7,14,7,26,3,5,1,22,25,26,9,4,3
19|10,22,16,17,14,22,21,10,18,8,14,20,15,17,20,15,25,15,1
20|14
21|25,3,14
22|17,11,26
23|26,24,2,3
24|15,24,6,13,3,3,15,12,6,5,4,20,18,19
25|10,21,1,7,12
26|18,2,14,16,9,1,1,11,3,13,14,16,18,16
27|9,3,2,14,23,6,6,13,13,15
# Graph 21
1|15,12,33,39,2,38,4,39,36,16,9,38,13,19,36,31,7,13,13,18
2|36,6,15,15,5,35,34,31,22,4,35,33
3|34,24,13,26,23,9,30
4|7,3,39,32,23,34,33,24,2
5|20,7,28,24,39,23,18,20,33,22
6|26
7|37,38,9,23,11,7,2,31,2,4,19,33,15,3,27,38,4,28,19,38
8|3,26,27,9
9|20,19,9,35,15,6,33,13,17,4,19,18,23,20
10|3,3,25,5
11|13,36,6,31,34,11,22
12|26,30,15,7,10,23,30
13|18,23,25,23,27,32,2,38,13,1,1,4,14
14|21,26,18,26,6
15|25,16,10,12,35,24,7,33,35,36,6,2,19,20,25
16|12,15,33,24,15,22,27,17
17|36,32,22,12,37,23,36,3,21,36,37,5,3,30
18|38,24,30,18,4,15,1,16,29,33,28,32,5,5
19|37,1,29,19,1,16,30,37,18,11,33,4
20|36,33,21,34,17
21|1
22|14,2,25
23|23,2,12,27,6,37,24,35,27,32,35,31,11,21,9,11,4
24|14,28,33,23,11,38,22
25|8,35,2,21,15,24,23,15,1,17
26|13,1,39,33,25,19,5,6,27,15,37,27
27|25,9,1,25,35,22,36,32,7
28|13,10,10,24,25,38
29|37,12,30,25,33
30|32
31|10,19,12,35,34,18,10,31,18,34,26,28,19,7,23,5,9
32|3,32,7,2,11,4,2,30,17,34,33,9
33|31,16,21,27,38,38,36,18,5
34|32,33,9,39,16,2,8,37,4,28,4,33,39,35,23
35|1,7,22,37,27,3,13,36,29,39,35,25
36|28,4,38,21,1,26,26,30,33,23,22,10,16,16,9,11,27,26,12
37|37,9,37,39,11
38|17,38,18,30,5,6,33
39|27,22,17,2,12,38,13,33,8,28,37,6,39,14,20,39,35,6,8
# Graph 22
1|28,36,40,39,59,15,46,4,9,64,25,30,42,59,51,40,39,19
2|34,22,29
3|20,19,36,35,63,66,22,3
4|57,42,65,47,57
5|50,65,37,7,27,12
6|11,51,35,29,60
7|49,22,54,66,40,24,34,35,23
8|37,47,43,12,46,23,66,19,5,65,56,11,25,65,7
9|48
10|62,41,42,42,60,29,41,32,50,9,66,4,61,36,51,38
11|28,58,45
12|62,43,33,4,65,30,11,31,11,50,24,49,25,65,42,51,38,7,33,46
13|36,38,39,20,7,18,45,65
14|23,58,36,55,62,32
15|4,60,26,51,16,8,9,14,48,57,49,54,23,28
16|57,64,30,8,4,47,53,2,40,9,58,7
17|51,36,11,54,28,34,38,43,40,44,54,21,34,37,8
18|62,65,43,59,27
19|63,5
20|64,45,42,55,49,35,39,17,43,24
21|10,59,20,49
22|7,1,2,43
23|54
24|3,30,31,29,11
25|34,45,23,10,18,9,56,52,46,6,28,1,49,36,60,2,16
26|7,17,28,49,23,13,19,25,42,48,52,53,6
27|29,26,28,46,35,17,32,12,21,57,12
28|26,3,3,40,30,9,56,55,55
29|2,8,32,43,53,17,27,58,33,55,18,58,35,50
30|64,61,27,54,4,27,12,7,29,51,36,37,38,24,24
31|23,29,10,64,15,27,24
32|57,11,23,49,43,6,55,38,64,13,25,2,39,34,8,2,16,41
33|53,62
34|33,17,21,43,14
35|1,35,39
36|45
37|37,19,65,23,56,62,35,13,63,8,46,2,7,62,40,40,46
38|31,13,50,49,53,63,16,51,31,54,39,8,46,10,24,44
39|14,38,65,26,34,4,3,34,8,62,5,47,42,38
40|52,21,58,36,15,7,18,44,60,56,51,37,63,8,13,27,19
41|25,42,15,26,43,46,33,38,51,13,11,22,22,62,41,13
42|55,17,46,32,8,36,14,44,32,20,56
43|36,39,12,12,52,37,54,31,3,23,15,14,34,35
44|27,9,45,56,61,61,35,25,2,2,38
45|32,55,33,21,25,3,33,36,54,3,21,19,6,43,31,19,8,65,51
46|7,29,22,66,23,54,24,24,56,59,66,21,48
47|39,6,35,5,39,20,6,59,38,9,33,3,25,39
48|9,5,6,35,24,5,55,11,26
49|66,18,9,18,65,39,57,2
50|59,40,24
51|30,62,4,61,62,28,33,60
52|35,63,66,58,65,54,2,24,63,66
53|4,17,38,42,7,38,44,64,11,1
54|39,60,65,33,55,24,63,47,56,31,41,55,20,40,43,21,61
55|18,34,40,35,4,13,39,41,56
56|49,55,29,21,48,25,51,35,48,47,13,37,9,53,26,26
57|66,47,19,36,62,50,8,30,53,20
58|25,8,36,8,62,64,26,41,22,11,9
59|55,21
60|64,8,61,23,31,58,1,47,28,63,31,35
61|17,52
62|40,57,60,45
63|57,4,25,13,14,33,14,1,52,49,62,59,42,16,21,33,15,2
64|11,32,26,32,46,10,56,17,66,49,61,50,39,65,8,49,10,40
65|10,23,43,5,15,16,21,34,48,35,33,40,43,62,63,6,41,6
66|56,4,41
# Graph 23
1|6,4,2
2|2,7,2,7
3|2,6,6,1,4,7
4|8,3,1,4,8,6,1,3,3,8
5|2,4,1,8,1,5
6|1
7|8,2,4,1,3,1,6,3,4,5
8|3,7,5,6,7,2,7,1,4,6,6,6,1,6,5,2,2,6,2,7
# Graph 24
1|1,1,1,1,1,1,1,1,1,1,1,1,1,1,1
# Graph 25
1|43,42,45,36,49,10,47,25,45,53,8
2|11
3|51,49,20,53,31,33,10,42,26,20
4|53,18,34,15
5|20,4,39,43,18,14,32,11,38,23,43,46,29,53,8,6,49,28
6|26,39
7|14,11,12,39,43,9,51,4,6,50,39,45,39,3,37,17,45
8|39,34,45,47,13,32,52,8
9|35,12,23,6,4,13,49,21,2,4,19,37,10,15,22
10|53,3,48,49,47,47,34,28,18,6,19,49,36,5,33,17,16,2,1
11|46,50,19,26,32,16,9,20,9,9,31,40,11,25,35,5,19,48,11,36
12|29,31,36,33,10,31,27,43,11,24,36,7,21,8,17
13|49,16,23,4,46,10,15,18,44,19,15,38,8
14|17,36,6,52,15,47,8,41,36,18,43
15|3,11,37,20
16|32,35,48,35,6,36,28,23,26,25,37,43,32,12,6,14,49,36,7,42
17|47
18|40,37
19|42,26,36,40,50,14,21,23,28,6,37,2,28,10,27,44,31
20|2,36,51,30,50,4,18,39,30,21,25,13,21,46,17,3,32,45,49
21|15,23,37,51,3,43,39,8,33,48,45,14,30
22|43,5,24,7,23,32,28
23|23,27,18,39,8,50,31,3,7
24|4,43,21,39,32,39,46,44,33,16,4,42,36,25,46
25|31,47,17,37,20,40,10,37,25,18,12,34,52,18,4,3,39,4,41
26|42,12,40,53,28,43,20,42,14,45,27,23,38,23,39,4,41,27
27|44,44,31,25,22,49,28,3,13,31
28|9,51,33,48,30,39,16,28,28,8,19,33
29|36,34,48,39,53,21,5,44,44,15,47,12,42,53,14,1
30|35,10,39,46,36,15,32,52,43,38,38,40,17,47
31|30,41,40,29,41,23
32|31,37,44,21,25,44,34,26,53,47,14,38,39
33|32,49,26,53,33,11,39,29,4,40,37,24,26,12,11,27,10
34|11,32,40,14,22,52,18,53,45,10,17,9,6,27,37,31,26
35|20,43,23
36|29
37|26
38|50,15
39|38,34,28,16,20,41,17,18,38,48,41,47,11,28,52,16,11
40|41,6,28,10,7,30,38,45,2,50,20,16,35,4,28,9,51
41|28,14,43,12,9,30,6,51
42|36,14
43|23,33,31,51,42,17,6,6,8,8,2,27,2,15
44|30
45|6,2,29,20,45,41,7,53,25,36,36,39,28,9,9,8,18,38,28,34
46|33,41,29,13,46,31,6,1,39,7,7,40,36
47|10,2
48|10,26,46,24,11,53,32,51,7,50,35,13,30
49|25
50|53,37,42,9,22,22,47,28,28,13,10,32,22,11
51|10,15,45,34,5,44,12,2,29,8,16,42,17,40,13,13,18,28,33,27
52|1
53|3,7,43,44,17,12,34,37,21,48,8,1
# Graph 26
1|15,12,15,5,15,9,8,5,26,18,21,6,8,2,11
2|3,21,12,25,22,10,19,19,8,5,8,27,3,7,17,17,18
3|22,21,1,18,14,15,9,8,10
4|25,20,21,16,2,21
5|23,4,21,4,11,25,11,26,17,17,4,22
6|13,16,6,2,23,20,17,4,16,26,8,2,7,17
7|8,11,20,19,3,13,22,2,27,5,16,16
8|8,10,7,20,15,12,22,10,20,27,2,8,25,25,10,4,14,27
9|13,8,18,15,20,2,5,19,22
10|7,5
11|6,11,9,20
12|19,2,15,18,3
13|15,27,10,7
14|25,6,15,5,13,18,24,3,23,16,24,4,11,2,20,16,1,18,8,23
15|25,27,27,16,27,14,4,9,10,6,6,4,9,10,5,26
16|7
17|10,4,3,21,21,22,25,21,1,6,6,10,19,21,9
18|20,11,11,1,20,5,6,24,13,4
19|12,25,24,10,8,27,12,17,9,23,14,2,23
20|23,5,27,16,2,23,8,13,22,24,21,16,18,6,1,21,7,1,19
21|11,15,7,11,4,15,6,6
22|2,14,1,22,2,5,13,24,2,25,7,25,7,22,16,13,23
23|8,12,16,26
24|19,5,22,22,8,27,17,12,17,3,1,1,4,6,13,16
25|26,11,20,5,6,8
26|17,6,24,1
27|11,12,2,15,22,12,22,10,1
# Graph 27
1|41,46,23,50,53,48,7,2,7,39,45,48,15,44,60,44
2|17,19,12
3|26,64,16,57,55,18,49,41,13,68,21,66
4|3,59,9,9,60,15,47,44,2,61,28,1,44,66
5|3,17
6|36,12,56,25,67
7|13,47,33,20,67,31,49,1,29,65,10,20,11
8|4,20,65,31,21,48,36,38,50,53,18,18,4,5,50,10
9|2,56,58,21,55,28,1,63,56,5
10|16,15,16,19,42,12,57,62,59,24,39,49,16,56,6,20
11|55,29,26,64,25,15,24,19,51
12|13,38,36,33
13|58,48,11,31,59,67,25,57,31
14|37,46,59,50,65,59,44
15|16,39,50,38,62,68,28,25,20,66,60,60,58,49,39,9,20,37
16|44,26,45,46,2,23,36,52,19,34,27,52,57,6,41
17|67,48,62
18|8,67,23,67,57,12,46,5,31,14,19,14,47,64,59,49
19|35,40,52,8,6,36
20|11
21|31,10,4,32,49,11,31,3,17,27,22,62
22|52,8,57,5,54,60,64,42,17,38,21
23|45
24|44,49,45
25|19,62,2,51,42,12,13,45,37,47,6,30,17,66,37
26|2,31,5,5,12
27|42,41,29,27,7
28|7,51,11,26,45,20,16,18,40,36,2,8,14,16,37,30,13,14,42,14
29|46,19,63,7,68,43,43,26,49,55,41,32,5,66,16,24,21,41,63,56
30|2,1,66,39,38,10,60,11,23,43,57,49,45,63,49,20,37,14,68
31|54,31,35,59,54,67,11,27,61,66,9
32|6,6,49,43,15,40,54
33|14,42,34,58,44,22,9,20,35,17,51,29,55,25,19,41,23
34|67,24,35,7,26,41,12,6,23,34,53,8,18,66
35|51,63,32,12,12,60,47,28,50
36|14,6,41
37|37,10,60,60,45,6,17,25,25,30
38|58,14,63
39|19,51,6,13,23,18,32,14,4,67,63,18,13,8,58,6
40|68,6,43,52,11,67,16,44,28,2,41,49,64,56,67,55
41|20,17,11,59,30,14,58,32,39,10,47,28,23,23
42|28,65,26
43|64,41,22
44|43,2,12,46,58,18,32
45|45,56,1,36,17,22,33
46|60,42,35,27,64,65,2,32,1,27,18,4,68,39,35,50,48,54,27,37
47|67,35,56
48|43,31,11,64,63,6,63,36,40,30,39,44,31,2,45,57,19,48
49|65,22,45,45,7,4,21,26
50|56,21
51|30,51,13,34,53,19,36,28,66,5,66
52|35,8,18,24,26,5
53|31,27,4,15,41,7,35,66,24,30,18
54|68,8,39,41,60,65,8,27,62,13,25,43,55,32,68,18,65,5
55|27,31,48,41,3,54,16,1,17
56|26,42,52,34,20,24,33,16,32,60,18,52,24
57|38,63,60,64,59,4,40,26,34,19,6,44,12,29,52,28
58|10,1,65,51,29,21
59|52,60,22,1,43,45,1,20,39,68,15,38,3,54,3
60|12,16,11,23,45,3,50,58,12,59,54,2
61|6,24,10,5,46,11,47,22,19,7,1,18,29,46,28,23,56,3,34
62|21,57,47,23,46,44,34,44,30,35,2,43,67,12,48
63|30,34,5,48,48,13,5,9
64|32,31,53,34,64,56,54,60,42,9
65|18,50,21,55,25,23
66|23,34,24,66,3,58,10,50,45,23,62,53,20,25,23,5,66
67|68,59,26,41,67,3,66,57,24,52,13
68|21,35,19,52,40,21,41,57,10,26,11,3,18,39
# Graph 28
1|47,50,1,73,1,46,43,70,13
2|74,76,55,39,8,37,28,53,1,51,10,75
3|5,50,8,13,36,58,45,61,27,17,59,20,15,27,62,5,37,31
4|35,9,37,40,43,62,15,43,33,22
5|22,26,11,29,36,46,7,3,27,33,17,8
6|30,33,32,34,67,63,33,23,69,67,60,34,50,75,75,5,17,38
7|41,48,52,76,15
8|2,39,11,16,47,58,45,77,13,77,64,73,30,9,64,19,69,18,66
9|15,71,1,50,17
10|19,69,40,33,47,39,69,56,54,36,36,20,35,48,19,20,41,48
11|27,64,17,43,53,3,57,44,4,28,58,42,46,47,4
12|17,40,67,70,15
13|28
14|58,74
15|77,37,20,26,62,4,40,27,54,41,4
16|42,31
17|6,74,45,10,70,59,47
18|51,61,6,77,15,61,71,64,59,30,4,5,14,8
19|38,61,7,42,2,48,70,75,54,65,40,61,57,20,30
20|68
21|42,67,26,24,60,13,5,11,16,7,24,21,50,60,3,57
22|2,25,14,76,1,1,38,59,58,57
23|17,48,21,57,35,46,3,16,56,5,26,70,9,47,11,58,29,13,35
24|14,60,64,12,58,62,48,40,40,25,51,55,70,69,32,28
25|32,41
26|34,66,4,42,33,14,22,62,25,55,34,38,37,18
27|17,1,18,56,38,40,27,15,33,18
28|58,51,75,21,64
29|7,65,72,39,76
30|21,23,69,53,59,26,68,29,42,68,44,19
31|6,43,39,36,59,6,16,32,3,34,16,34,38,1,26
32|76,40,18,20,29,70,1,54,61,27,17,49,68,35,75
33|75,37,30,56,40,43,8,42,77,23,73,35,21,20,34,20,57
34|37,9,42,35,62,23,61,76,72
35|33,67,44,29,24,73,5,63,39,13,26,36,33,19,70,54,38
36|71,18,74,30,24,36,64,6,59,45,5,51,18,35,40,59,63,62
37|66,47,14,1,70
38|31,12,39,5
39|63,75
40|57,25,8,16,9,14,72,53,16,45,68,50,5,48
41|66,23,22,34,36,20,26,5,50,35,41,53,3
42|50,64,4,73,70,17
43|4
44|55,19,53,43,66,58,13,22,44,35,43,77,68,62
45|70,33,56,34,8,58,58,55,43,59,48,35,74,50,38,5
46|56,58,67,44,36,3,64,2,35,29,2,24,12,23,16
47|1,49,49,57,27,24,22,7,72,56,3,44,16
48|68,69,62,57,33,20,57,19,22,13,48,21,36,57,43,51,21,41,21
49|20,45,13
50|51
51|17,51,48,30,58,36,21,42,16,54,62,70,70,4
52|40,24,38,17,66,10,37
53|30,24,47,74,37,8,46,41,23,19
54|52,76,45,71,39,58,45,21,51,37,24,53,75,47,12,14,33,21,49,61
55|72,28,44,29,34,12,68,56,31,77,28,27,44,21,63,23
56|6,73,23,27,46,18,73,55,29,28,75,77,10,45
57|35,12,21,68,21,9,46,49,8,74,76,50,15
58|72,1,63,65,21,12,31,38,6,9,66,31,4,64,38
59|54,73,58,72,61,1,4,30,50,11,24,46
60|38,27
61|36,12,37
62|22,66,14,27,74,1,55,77,64,16,46,40,9,26,34,69
63|35,21,76
64|42,42,24,1,66,74,36,1,33,13,20
65|26,44,15,24,21,13
66|36,58,45,42,7
67|34,31,34,52,27,77,17,68,24,17,56,20
68|54
69|62,73,69,9,39,4,32,58,16,40,14
70|7,56,76,6,12,29,40,63,53,39,2,43,62,16
71|2,66,71,52,50,66,41,56,26,44,11,4,58,50,17,52
72|72,50,60,6,76,22,69,51,58
73|14,41,5,30,42,70,23,14,40,10,54,19,33,19,27,36,76,76,52,50
74|47,20,32,50,16,51,39,64,32,28,77,70,32,29,34,22,50,46,59,59
75|77,14,40,24,47,36,20,21,8,70,65,25,24,38,40,73,76
76|25,24,23,17,55,50,50,74,22,18,56,1,38,53,14,75,77,60,34,19
77|39,11,66,62,33,24,24,28,20,48,52,44
# Graph 29
1|5,12,3,2,12,12,8,3,5,4,7,7,10,10,10,13,2,12,9,9
2|11,11,3,3,2,8,3,1,6,12
3|3,13,7,13
4|14,13,12,1,6,2,9,13,12,7,14,9
5|8,4,10,2,6,10,4,12,11
6|3,6,7,3
7|13,13,11,10
8|6,11,3,8,3,1,5,9,13,11,5,4,12,12,6,3,6,7,12,2
9|12,7,13,1,9,11,11,3,5,6,9,13,8,14,1,7,2,7,3,12
10|6,9,9,11,9,14,1
11|13
12|4,3,7,2,11,1,13,12,3,2,4,1,8,3,13,14,4
13|14,13,2,5,5,8,14,13,5,12,3,3,4
14|5,8,6,14,9,2,11,9,4
# Graph 30
1|25,20,42,40,25,31,27,31,14,33,39,29,4,27,11,44,24,17
2|16,5,1
3|10,23,17,24,25,14,29,26,14,4,24,9,28
4|11,34,19,19,4,3,43,31,33,42
5|5,32,21,29,8,21,39,6,13,38
6|26,23,32
7|26,31,43,10,36,9,19,10,4,23,12,2,9,20,43
8|24,6,34,9,14,10,23,39,43,16,1,44,38,33
9|20,39,13,5,31,42,23
10|1,21,28,2,29,3,20,42
11|25,31,11,14,17,9,9
12|24,9,14,38,17,4,33,12,17,13,18,14,11,13,14
13|16,15,16,39,34,34,41,34
14|27,24,32,35,32,2,34,16
15|27,33,39,15,20,31,27,37,44,38,25,33,1,17,23,36,11,32,25,27
16|41,9,21,28,43,28,6,8,43,17
17|7,11,25
18|18,28,14,37,21,39,26,41,11,24,32,41,12,13
19|9,29,31,5,12,5,32
20|12,30,33,22,13
21|3,14,13,30,28,5,26,42,6,22,28,30,9,24,17,41
22|1,25,8,5,37,12,36,29,43,41
23|21,9,33,43,43,21,28,26,25,29,43,7,6,26
24|34,5,28,31
25|4,31,33,8,23,44
26|28,18,15
27|38,44,5,36,42
28|39,43,25,23,41
29|4,22,18
30|2,1,44,27,24,30,15,7,29,34,25,32,7,16
31|21,35,8,32,8,32,3,6,32,25,22,39,5,19,12,18,20,33,37,22
32|22,36,19,26
33|19
34|7,10,36,3,44,43,35,7,6,37,32,38,37
35|32,17,3,43,34,22,31,26,43,19,24,10,13
36|10,7,14,37,17,5,39,36,4,5,19,29,41
37|42,10
38|5,26,37,24,36,35,10
39|9,4,36,39,16,17,4,23,30
40|15,34,11,6,13,15,44,42,32,26,39,41,16,20,42,28
41|9,38,28,2,23,32,37
42|3,9,20,1,38,36,15,4,22,41,16,36,40,33,43,21,4
43|12,23,33,16,21,41,9
44|42,31,35,35,3,14,19,43,34,33,10,5
# Graph 31
1|5,83,84,22,50,17,73,1,65,40,39,59,1,41,54
2|64,59,56,47,15,41,90,46,81,19,26,80,21,25,66,77
3|59,9,28,37,81,80,64
4|28,32,45,30,47,20,56,16,75,12,30,77
5|37
6|29,62,18,12,48,45,88,65,66
7|2,64,10,44,37,2,71,69,46,63,77,27,28,2,63,39,84,50
8|30,40,1,54,20,12,11,64,62,37,39
9|1,13,1,44,11,54,24,41,61,86,28
10|75,29,21,23,22,32,85,14,72
11|67,1,7,77,64,30,24,65,73,76,39,73,29,49,88,52
12|58,10,27,16,84,17,88,69,1,30
13|14,11,58,42,63,27,28,88,18,13,62,90,88
14|34,26
15|31
16|72,50,11,60,65,56,76,63,86,38,54,59,13,64,78,54,88,66,44,85
17|18,57,45,16,28,79
18|10,71,4,81,31,66,50,57,32,88,81,79,87
19|47,10,69,87,63,66,24,68,61,69,86,79,76,63
20|26,27,78,6,31,30,88,58
21|55,89
22|45,78,87,51,86,58,29,44,83,5,68
23|27,8,55,15,83,79,82,18,16,31,76,8,23,73,65,64,89,26,26,6
24|22,56,60,42,84,66,34,50,5,3,38,12,20
25|57,60,6,36
26|88,73,82,20,56,57,45,16,82,70,21,56,54,76,77
27|32,52,90,81,56,54,29,30,35,42,86,5,9,83,79
28|66,33,40,83,89,47,8,42,78
29|59,41,14,45,7,45,59,6,88,76,22,78,15,56,81,62,60,52,55
30|72,82,43,21,74,3,67,81,44,17,71,64,19,85,18,26,1,76,83
31|24,14,37,38,32,80,62,1,41,78
32|22,69,53,4,52,55,33,4,60,49,75
33|67,31,13
34|83,50,9,43
35|74,79,21
36|30,44,16,70,31,78,53,9,41,57,22,57,89,77,79
37|23,21,75,53,85,1,46,45,9,50,27,82,90,9,7,30,52,74,9
38|61,62,52,63,80,35,82,40,22,70,48,6,52,84
39|47,84,66,53,2,25,79,84,24
40|52,53,63,35,24,17,5,47,30,68,88,27,21,37,10,90,84,15,51,39
41|59,33,10,21,86,34,62,79,20,21,40,34,83
42|57,61,41,65,1,70,62,27,90,8,36,51,53,50,11,2
43|32,86,4,52,81,90,23,32,71,5,33,14,88,69,33
44|71,7,20,12,69,8,63,76,5,23
45|17
46|54,63,26,49,28,40,1,79,62,84,59,29,27,73,78
47|15,7,89,73,79,10,51
48|72,89,53,56,89,31,50,52
49|38,62,30,77,24,19,10,18,39,90,44,73,77
50|87,84,60,32,34,31,82,81,64,42,5,29
51|35,40,53,89,39,76,29,77,10,9,49,27,9,48,32,82,35,55,40,80
52|71,23,16,63,13,79,14,18,17,16,14,18,30,13
53|68,3,43,77,11,1,65
54|49
55|62,45,22,12,34,7,82,18,22,16,82,62,30,61,40,7,75,57
56|87,23,65,51,28,51,23,28,77,3,38,6,65,44,27,76,77,85
57|56,68,83,48,39,74,18
58|42,54,7,39,12,81,14,62,18,26
59|46,13,87,45
60|61,89,7,8,37,53,74,3
61|28,50,83,63,29,33,14,83,39,15,4,29,28
62|9,15,21,54,27,17,60,7,39,58,65,46,57,79,82,59,71,71
63|26,44,60,58,19,14,58,33,18,48
64|45,56,37,27,71,25,6,41,83,44,60,57
65|26,8,5,46,40,75,77,65,80,47,84,9
66|13,3,39,61,25,45,26,61,34,59,85,39
67|78,82,30,6,5,18,13,9,25
68|46,12,41,35,20
69|5,41,47,8,42
70|32,48,5,54,81,25,48,81,33
71|35,24,55,39,3,29,10
72|43,55,1,84,51,72,28,18,74,36,25,25,15,18,35,71,71,77
73|80,68,89,77,12
74|3,12
75|31,73,14,74,37
76|29,50,85,18,67,68,53,53,55,29,70,51,9,12
77|65,1,66,63,39,39,47,41,13,33,72,85,46,17,84,21,45,5,67
78|71,6,76,33,60,15,64,72,23,75,71,88
79|8,22,76,9,68,78,21
80|21,67,17,37,60,89,43,64,65,14,6,71
81|90,2
82|63,36,50,9,68,9,46,75,31,83,45,60,70,27,32,1
83|10,89,63,9,42,89,35,17,4,67,68,4,69,5
84|66,55,37,43,63,44,27,55,36,34,25,67,60,56,29,63,27,28
85|87,31,48,32,9,51,8,39,16,38,43,6,13,7,4,17,32,47
86|86,44,39,20
87|8,37
88|33
89|90,30,22,82
90|53,90,89,23,38,67,22
# Graph 32
1|21,9,10,18,15,40,26,4,16,18,23,8
2|17,30,16,32,18,38
3|43,43,41,33,29,33
4|27,20,20,10,40,29,11,7,35,42
5|30,6,42,10,14,34,18,35,41,41,10,35,11,9
6|43,33,11,32,12,38,1,31,39,40
7|42,38,43,32,19,21,38,17,30,8,42,39,34
8|36,43,22,39,1,4,38,25,14
9|36
10|19,24,31,7,31,21,2,22,9,20
11|3
12|21,2,18,17,36,5,1,27,18,39,19,21
13|1,26,1,36,18,19,8,5,17,31,25,18,1,25,29
14|28,5,13,21,22,29,13,18,29,32,27,17,7,4
15|42,22,7,27,39,17,26,35,33,13,8,8,6
16|28,40,8,33,9,29,3,29,33,13,7,13,39,23,12,35
17|10,5,27
18|43,35,11,26,24,15,25,23,20,13,8
19|13,32,9,41,26,38,22,38
20|35,26,7,3,17,27,12,21,2,40,12,36,7,29,8,13,10,31,33
21|30,41,26,18,6,15,35,35,37,30,19,28
22|25,30,20,43,33,40,1,21,43,28,19,28,28,32,29,15
23|42,36,10,25,2,7,31,36,42,24,14,9,43,17,34,29,36,33,11
24|26,31,23,2,42,42,29,30,27,35,42,18,19,43,42
25|6,21,5,39,2,18,5,1,35,30,22,27,11,32,43,28,11,14,30
26|13,7,30,31,34,28,5,9,19,38
27|17,16,25,12,9
28|8,9,25,29,22,1,40,2,43,24,13,13,2,13,17
29|35,5,26,11,1,26,30,31
30|3,3,19,6,11,10,14,11,34,42,33,34,30,26
31|11,30,38
32|43,3,4,26,7,29,36,43
33|22,30,6,16,24,25,22,26,34
34|36,24,17,17,7,4,43,31
35|29,25,9,20,28,5,2,26,25,30,17,28,43,3,34
36|18,7,29,43,40,4,28,12,20,36,18,15,27
37|20,5,22,21,24,41,17,18,16,41
38|32,26,38,27,8,2,1,14,30,1,2,33,20,13,10,12,23
39|39,20,36,35,41,5,15,31,21,24
40|10,19,34,35,6,17,34,7,18,4,37,10,5,18,21,10,19
41|32,35,11,8,19,2,40,23,9,27,35,32,21,1,43
42|28,40,28,18,3,37,14,31,38,10,6,15,19,16,31,42,7,41
43|17,43,30,39,8,5,22,31,26
# Graph 33
1|10,5,8,6,4,5,8,6,2,10,4,4
2|8,7,10,9,5,2,7,5,2,4,1,5,3
3|5,5,7,6,4,3,6,9,8,10,8,4,3,8,7,9,2,6
4|3,4,1,4,3
5|8,8,6,2,10
6|6,4,1,4,9
7|1,10,2,2,7,7,4,6,3,4,9,1,8,1,6
8|7,10,5,4,8,2,5,9,6,3,5
9|8,3,2,8,4,6,9,3
10|4,8,7,8,7,7,7,9,4,7,5,4
# Graph 34
1|7,23,19,11,1,21,13,4,12,8,10,19,3,23,9,7,10,6,23,6
2|1,16,10,19,20,8,18,3,1,1,1,16,19,11,16,7,16
3|18,23,12
4|17,10,20,16,12,18,6,17,14,6,1,15
5|20,15,17,14,15,18,14,22,4,16,5,11,7,16,20,5,19,24,14,5
6|5,16,4,10,24,10,7,24,24,6,19,14,15,24,21
7|13,18,19,21,23,5,3,6,17,24,24,16,13,20,2,9,3,22,10,3
8|16,18,22,21,5,4,3,4,24,2,9,9,21,5,23,17,7,20,9
9|12,24,10,7,18,18
10|15,3,20,13,18,13
11|7,17
12|9
13|4,3,21,5,15,1,3,7,23,15,8,21,2
14|6,24,16,24,1,22,2,20,10,12,1
15|18,17,16,18,5,20,20,17,16,10,17,10,17,8,24,24,4,17,22,9
16|6,8,9,3,2,21,5,13,21,16,6,5,7
17|2,18,11,18,9,20,3
18|4,10,18,19,13,3,9,21,19,14,21,3,8,22,23
19|10,11,3,7,16,10,21,17,19,7,10,4,3,4,22,22,13,7,17,1
20|1,14,19,6,10,14,13,7,12,1,8,23,3,14,6,4,2
21|23,9,23,18,3,3,7,24,7,5
22|8,14,8,13
23|13,22,13,2,20,17,18,3,15,20,8,12
24|9,9,14,9,23,23,11,17,5,11,24,9,18,23,14,18,11,14,22,8
# Graph 35
1|17,26,62,9,28,6,50
2|53,12,49,56,9,12,28,1,36,56,41,23,30,23,5,60,36,55,47
3|58,46,52,12,10,49,18,37,52
4|24,42,15,8,35
5|19,62,19,53,53,60,11,21,20
6|18,55,6,62,29,2,43,16,11,52
7|27,25,54,29,46,34,43
8|4,61,8,4,16,60,56,13,8
9|32,21,27,22
10|24,48,26,5,2
11|54,2,62,16
12|29,61,24,7,50,26,4,57,29,19,52,20,31
13|30,60,16,54,17,42,16,2,3,20,1,38,11
14|36,25,53,2,21,12,6,8
15|9,62,1,25,49,19,55,44,46,50,57,37,2
16|52,2,36,7
17|11,18,62,46,40,50,45,60,61,49,6,34,57,3,34,20,52,50
18|33,33,58,27,8,59,60,57,60,33,2,60,41,17,57,23
19|44,3,53,40,51,56,11,44,59,43
20|46,30,8,14,1,1,40,6,60,35,62,55,3,61,52,41,15
21|1,6,25,2,57,3,52,50,13,33,44,53,31,27,21,37,40,19
22|15,24,32,47,21,25,47,18,12,26,30,56,24,36,16,25,30
23|13,15,29,45,57,19,12,21,37,48,59,55,22,9,14,52,54,33
24|38,50,25,61
25|16,23,50,32,45,17,47,57,30,11,38,24,28,49,42,2,34
26|55,53,45,4
27|34,36,53,9,23,14,6,38,29,28,25,58,8,40,41,3,7,51,38,30
28|24,9,16,57,45,8,45,25
29|23,58,45,13,2,3,26,7,40
30|32,1,46
31|40,24
32|46,13,15,11
33|38,17,41,30
34|46,10,21,55,32,16,37
35|16,39,4,22,15,54,52
36|38
37|52,59,4,33,7
38|43,33,53,59,11,18,56,55
39|14,47,57,28,21,35,43,57,38,62,7,30,51,19,3,15,8,61,16
40|6,31,16,36,19,11,44,36,4,36,59,15,20,53,40,38,23,18
41|60,18,37,25,4,56,27,17,61
42|32,37,27,1,52,62,19,62,43,53,1,17,49,14
43|37,53,10,59,9,42,54,24
44|17,25,7,41
45|6,62,9,40,26
46|29,25,25,27,6,15,25,22,61,38,55,33,29
47|27,35,41,19
48|55,33,18,61
49|57,4,11,3,43,36,11,8,61,33,32,2,46
50|23,44,32,13,13,58,15,39,30,53,57,23,45,27,40,44,36,34,45,44
51|24,15,42,31,11,13,60,12,58,53,32,37,22,45,49,17,57,26,44,47
52|4,28,43,42,9,16,13,51,57,47,12,9,26,40,18,36
53|29,31,26,59,4,45,41,50,60,33,11,41,15
54|43,42,9,22,48,22,32,37,14,16,46,20,40,22,37
55|56,4,40,17,62,43,62,38,30,57,8
56|33
57|5,13,62,11,34,47,30,4,19,43,17,1,62,54
58|37,3,11,38,42,28,35,20,25,10,49,17,15,25,49,34,29,62
59|39,33,14,6,36,32,48,51,30,46,42
60|18
61|58,55,21,23,27,40,45,34,25,61,46,49,47,15
62|46,46,52,15,59,56,48,26,41,36,56,22,14,40,39,55,35,31,12,55
# Graph 36
1|33,11,46,42,8,23,4,7,12,8,41
2|23,24,44,20,37,49,33,19
3|40,15,33
4|11,43,45,12,37,23
5|47,43,9,29,14,37,35,50
6|49,5,41,46,49,34,31,46,15,24,10,29,38,42,3,48,8,21,33,18
7|25,38,8,33,15,46,43,23,18,35,20,23,49,39
8|31,19,39,20,42,48,48,2,13,24,23,20,44,5,37
9|29,23,42,35,12,10,26,34,28,34,28,50
10|15,43,36,33,30,4,48,51,51,49,12,23,46,5
11|24,15,23,26,38,38,9,23,47
12|5,23,15,32,46,46,21,37,5,2,40,33,24,40,33
13|25,29,40
14|43,12,44,39,37,4,25,19,26,45,51,5,42,15,36,36,34
15|47,38,32,35,20,29,48,26
16|22,28,37,51,44,48,17,31,8
17|29,51,20,48,51,24,38,39,34,47
18|12,42,33,17,26,1,45,22,51,42,17,27,27,41,20
19|7,24,29,1,2
20|45,49,2,18,9,14
21|4,34,10,46,15,27,45,40,45,40,39
22|6
23|10,20,8,32,26,31,9,51,6,11,45,28,12,36,10,25,34,14,33,43
24|47,18,26,10,12,39,48,20,18,36,4,38,43,35,37,48
25|37,27,28,4,29,13,13,38,12
26|51,44,37,6,13,29,5,22,14,44
27|33
28|3
29|46,20,44,32,41,10,42,16
30|19,44,49,31,31,9,50
31|26,9,10,39,37,14,34,24
32|1,31,15
33|40,34,22
34|14,11,42,29,26,1,47,44,49,26,48,7,49,51,6
35|34,44,43,22,27,41,1,1,20,40,3,8,48,24,40,10
36|4,39,9,4,8
37|2,8,22,33,5,21,38,11,29,5,28
38|31,17,24,5,36,38,8,43,34,31,32,17,14,35,4,47,13
39|21,14,44,16,20,48,10,31,8,38,35,35,36,39,51,34,18,35,45
40|26,27,4,31,43,42,15,21,11,1,6,5
41|49,20,7,45,30,11,26,41,20
42|51,7,33,33,49,16,26,22,16,26,51,46,17,15,34
43|26,34,16,30,21,38,24,1
44|27,12,31,16,31,14,15
45|46,47,9,36,46,4,51,20,3,45,11,18,2,21,43,35,11,46,30
46|43,30,27,18,41,32,34,45,19,48,30,38,18,38,22,12
47|46,6,18,14,16,9,15,10,25,23,45,19,1,16,36,5,16,2,19,21
48|13,13,6
49|51,48,27,46,33,41,41,38,7,28,27,40,42,37,13,38,4,32,13,19
50|17,35,42,35,29,26,21,42
51|36,41,1,11,9,33,26,49,45,6,50
# Graph 37
1|2,14,32,30,29,38,18,39,15,8,31,31,7,27,29,50,29,39,1
2|43
3|16,30,46,36,16,47,27,8,15,29,21,47,10,1,34,27,42
4|34
5|31,42,50,9,43,30,49,44,40,41,50,8,22,45
6|38,43,23,47,8
7|19,6,12,20,39,40,11,41,25,34,21,17,36
8|9,15,29,4,7,21,3,16,43,49,10
9|42,34
10|1,37,46,6,48,15,46,38
11|37,12,13,9,30,48,40,41,14,20,44,22,43,47,37,35,47
12|18,40,32,45,40,18,40,47,17,7,43,4,35,29,18,47,37,47
13|28,39,12,50,33,33,42,31,22,28,27,21,45,19,4,39
14|23,30,5,40,38,47,45,23
15|12,21,15,11,19,45,49
16|44,33,14,37,13,37,14,42,8,10,10,11,48,19,34,29,23,25,19,21
17|43,49,33,13,14,45,33,8,45,12,3,28,26,39,42,14,4,33,21
18|44,34,12
19|17,42,37,41,10,10,11,2,8,43,17,23,39
20|32,34,13,34,13,40,24,4,3,27,39,24,41,32,9,2,46,25,44
21|17,5,44,29,9,1,24,25,26,12,25,7,45
22|43,7,28,16,13,33,45,1,8
23|32,16,39,30,42,32,12,8,38,5,36,46,7,9,22
24|23,47
25|19,37,33,26,15,50,40,49,46,40,6
26|23,21,21
27|12,4
28|21,41,21,8,37,30,19,10,11,41,8,3,9,45,37
29|11,39,27,9,34,16
30|16,41,36,38,44,49,43,11,19,34,31,28,22,10
31|31,23,38,41,27,49,35,14,36,45,2,13,5,37,30,18
32|22,5,44,16,3,37,26,23,20,8,50,43,18,48,25
33|37,15,18,37,49,33,23,45,36,37,49,23
34|18,29,40,22,22,7,26,8,32,48,29,41,50,21,10,49,46,1
35|12,21,22,11,3,46,7,39,34,6,13,1,25,41,42
36|14,48,24,22,31,22,50,22,23,23,31,21,20,34,5,31,4
37|43,8,25,50,48,8,7,12,11,31,4,2,29,18,2,3,41,32
38|42,5,48,14,38,18,33,23,24,16,28,2,10,35,26,9
39|36,17,46,46,50,50,49,28,17,50,32,7,34,7,48
40|4,14,27,21,48,49,45,13,26,48
41|13,25,33,47,12,2,42,7,1,41,8,28,9
42|12,17,42,18,17,34,22,30,10,44,27,11,40,42,38,37,16,50,14
43|46,25,1,40,34,1,32,41,31,41
44|42
45|45,9,25,28,32,6,37,28,35,49,17,26,37,6,41,36,19,40,34
46|43,23,28,43,6,20,25,48,21,18,7,15,29,33,42
47|39,30,37,23,29,6,48,15,11,40
48|31,31
49|25,25,9,3,20,15,22,44,12,44,14,20,10,42,3
50|3
# Graph 38
1|47,31,15
2|36,39,52,7,66,2,36,69,26,51,15,40,41,50,35,32,18
3|1,50,65,6,55,5,64,71,37,70,30,51
4|25,18,42,31,44,43,67,41,28,6
5|28,6,65,62,37,42,7,69,20,31,3,35,67,26,65,32,24,55
6|54,8,60,55,39,32,57,65,32,14,30,47,1,35,40,22,31,41,28,59
7|19,22
8|14,47,48,5,71,31,16,13,69,36,28,36,67,13,29,28,57
9|34,57,52
10|7,43,2,66,30,61,44,51,44,17,27,51,21,57,41
11|29,38,32,56,3,58,29
12|45,14,9
13|71,20,39,37,62,40,62,21,61,34,31,64,50,17,43,31
14|12,27,62,49,18,6,11,4,65,2,49,8,41,15,7
15|54,3,11,53,65,62,42,27,21
16|37,38,36
17|70,47,22,20
18|70,57,66,2,50,27,10,57,67,25,23
19|38,57,26,19
20|16,21,36,36,54,1,33
21|67,63,56,48,11,40,46,27,66,8,37,21,17,53
22|41,36
23|7,21,57,57,70,1,6,34,67,19,66,29,68,21,20,53,29
24|52,34,48,46
25|13,67,58,65,12,58,29,43,25,9,59,41,7,59,46,1,14
26|66,2,61,46,52
27|3,42,53,37,49,28,6,21
28|23,14,65,41
29|67,25
30|54,65,49,1,39,9,45,62,34,47,11,8,27,12,11,28,25,7,5,52
31|25,34,26,70,58,66,32,53,50,2,66,43,50,26,41,18,70,62,51
32|2,59,32,44,29,59,68,66,24,48,37,48,41,62,6,27
33|37,8,65,39,33,67,48
34|67,66,17,58,45,21,59,63,52,31,51,40,28,45
35|35,11,70
36|32,5,62,48,1,30,41,70,62
37|47
38|63,1,25,49,5,45,67,28,57,58
39|25,45,52,47,8,22,5,43,53,40,34,29,41,63
40|70,13,26,5,21,17,5
41|26,41,10,21,68,66,7,3,50,51,14,56,19
42|60,21,48,60,54,5,60,5,65,58,49,19,63,29,67,27,34,21,67
43|41,23,68,8,57,46,58,70,30,5,65,49,57,41
44|39,5,25,4,70,43,12,48,34,40,43,20,2,63,47,4,64
45|71
46|54,5,57,13,34,22,37,43,7,37,8,5,41,64,39,70
47|50,47,59,19,49,7,51,41,53,15,64,51,14,63,64,19,8,5
48|60,41,54,26,6,22,31,7,45,29,5,39,39,11,57,17,60,63,67,60
49|41,52,55,55,3,7,33,10,12,4,30
50|18,55,49,70
51|15,3,3,50,1,41
52|57,17,9,48,12,28,52,53,39,35,67,1,42,59,10,13
53|70
54|39,54
55|68,27,6,70,60,56,70,60
56|55,5,44,32,48
57|43,60,69,38,15,69
58|2,38,51,54
59|65,22,19,57,49,5,62,48,25,6,6,44,10,61,9
60|52
61|52,23,44,49,20,58,46,58,19,13,68,1,9,62,53,27,7,62,62
62|38,46,3,43,19,43,63,27,25,3,11,36,57,14,45,5
63|50,63,9,22,19,40,30,9,22
64|46,43,7,43,9,52,5,11,30
65|34,56,31,36,26,67,21,39,40,57,29,18,8
66|40,26,37,29,66
67|45,40,60,11,42,28,62,46,38,52,53,31,36,12,67
68|38,47,60,6,63,49,55,70,45,54,25,10,11,19,27,15,18,15,25
69|2,47,65,40,27,46,30,62,18,25,12,55,32,1,21,23,49,35,22,22
70|6,63,58,55,18,2,1,64,57
71|65,32,54,64,58,59,23,9,5
# Graph 39
1|6,4,5,4,1,7,4,6,6
2|7,2,9,8,8,5,9,7,2,9,2,2,8,3,3,9,5
3|6,3,5,2,4,1,3,4,5,4,7,1,8
4|2,7,9,1,3,9
5|4,6,4,3,2,7,5,1,9,1,4,9
6|5,4,4,5,5,8,8
7|9,6,2,8,2,9,6,4,6,9,5,2,3,7,1,7,1,8,5,1
8|4,6,5,5,7,1,8,6,6,8,3,1
9|1,2,6,7,5,9,6,9,8,6,4,8
# Graph 40
1|48,7,33,31,34,19,11,47,22,28,15,32,21,18,46,56,41,26,14,34
2|41,12,5,16,23,17
3|14,20,4,5,10,36,19,27,54,30,17,19
4|31,34,5,32,23,44,1,49,1,34,6,25,45
5|40,51,27,20,9,30,23,53,39,2,16,9,55,29,10,2,53,24,35
6|56,42,29,56,18,30
7|23,38,45,33,6
8|43,25,32,56,47,28,22,32,27,15,14,39,24,55,36,31
9|21,30,3,49,13,20
10|29,26,44,18,43,49,41,13,1,16,13,31,43,18,6,54,32,3
11|39,2,15,14,19,19,27,5,12,40,8,17
12|33,44,53,19,20,37,32,20,36,28,50,7
13|39,4,5,26,23,43,11,22,40
14|40,51,17,51,18,24,52,13,56,23,10,3,43,30,34,46,10
15|24
16|33,6,3,37,15,25,8,25,46,31,21,30,25,37,8,42
17|43,39,28,10,32,30,52,5,47,41,54,35
18|13,51,54,15,16,52,24,23
19|13,37,25,26,6,46,18,31,33,4,13,4,13,44,17,48,33
20|17,14,9,24,27,4,5
21|19,1,32,25,5,45,45,13,54,50,2,15,9
22|19,5,22
23|33,23,7,9,13,7,22,22,30,32,9
24|41,27,3
25|35,47,44,23
26|42,1,5,40,9,23,42,13,28,1,45,50,47,37,47,53,43,52,10
27|4,12,42,14,14,42
28|4,13,54,7,38,38,51,22,30,17,47,27,44,31,55,22,21,36,12,1
29|47,51,7,50,6,33,7,4,2,38,7,14,19,53
30|1,47,1,30,7,47,56,35,22,55,56,26
31|51,11,7,41,45,13,18,34,29,8,37,30,45,44
32|47,24,7,31,15,47,45,21,21,44,39,26,26,22,52,27
33|46,33,24,34,30,41,51,42,48,32,56,20
34|27,11,26,17,41,40,7,29,45,27,1,11,53,10,33,32,21,32,5
35|40,38,10,24,16
36|56,47,51,19,33,5,13,3
37|54,26,11,10,54,37,50,9,17
38|41,48,8,56,52,4,39,17,54,47,17,49,46,7,27,8
39|31,21,26,51,2,51,5,51
40|25,45,41,26,32,25,17,39,8,53,26,47,53,23,37,13,55
41|4,25,17,27,55,21,36,33,22,14,21,17,6,30,45,30,55,20
42|55,2
43|35,27,36,16,34,56,12,32,9,15,41,9,25,39,30,4,56,51
44|4,51,7,33,39,37,15,2,18,14,43,7,48,54,42,47,31,25
45|46,33,17,30,42,26,53,55,29,36,33
46|39,28,37,56,50,17,54,36,34,51
47|41,27,3,10,17,17
48|19,47,51
49|20,20,5,56
50|17,35,51,47,2,6
51|41,55,43,38,18,4,33,24,28,3,26,38,19,27,56,22,17,34,1
52|38,45,36,39,45,54,17,35,39,22,5,23,5,31,45,22
53|5,45,46,47,55,11,49,25,50,14,41
54|54,4,49,26,23,31,15,21
55|49,3,53,38,10,1,12,54,7,30,42,35,4,32,33,14
56|1,48,22,25,3,3,29,51
# Graph 41
1|24,38,41,20,68,76,77,36,31,43,2,79,79,15,42
2|21,54,36,68,44,52
3|68
4|6,79,45,64,67,52,20,37,25,40,15,33,27,73,85,2,74,7,14
5|48,15
6|34,50,42,11,12,46,78,49,51,89
7|47
8|77,66,35
9|38,72,67,64,55,85,88,39,2,12,59,50,26,33
10|8,74,4,42,30,15,23,13,14,26,59,13,36,58,69,70,6,51,69,3
11|64,1,9,88,12,1,48
12|33,63
13|18,89,62,69,14,84,15,49,43,73,83
14|63,63,80,2,46,81,4,84,78,26,25,76
15|25,56,28,58,51,48,8,50,43,76,85,37,1,45,12,7
16|22,2,33,34,3,12,26,6,6,36,31
17|22,89,55,10,49,45,60,30,52,21,72,60,16
18|61,82,53
19|53,7
20|85,41,26,7,88,53,34,34,84,86,77,16,73,86,87,28,56,27,12,9
21|71,25,71,64,17,34,63,69
22|86,87,14,22,26,34
23|60,89,1,78,76,39,61
24|58,21,60,84,32,69,25,13,4
25|10,42,62,72,44,35,1,63,70,44,88
26|51,80,13,73,68,21,44,61,3,12,81
27|6
28|63,30,80,88,58,89,41,30,4,17,64,5
29|66,70,10,12,31,1,46,37,1
30|80,62,1,3,75,84,8
31|58,60,43,56,28,64,29,79,67,67,53,4,56,51,74
32|62,37,88,18,6,88,83,86,82,83,88,1,10,28,53,89,20
33|56,69,2,17,58,68,84,43,5,72,4
34|70,65,47,1,15,75,22,8,71,36,23
35|36,55,51,88,54,4,26,20,72,27,59,63,28,75,16,32,79,42
36|82,17,21,82,32,6
37|61,9,72,17,10,18,71,83,39,35,86,64,77,1,24,46,63,51,53
38|82,42,53,34,34,2,76,49,55,82,84,27,1
39|65,33,17,46,48,55,80,66,51
40|66,74,67,62,35,30,73,27,72,36
41|38,59,69,86,25
42|81,73
43|79,48,48,28,26,6,82,16,4,66,38,70,50,15,42,18,45
44|66,49,15,59,86,73,60,16,8,53,7,13,68,18,60
45|46,85,76
46|34,80,36,71,60,19,18
47|36,84,80,12,43,5,3,62,10,62,77,18,47,16,30,48,33
48|7,11,40,15,4,73,5
49|76,86,79,5,52,47,21,64,81,86,68,83,58,78,78,67,28,35,15,79
50|69,12,43,80,52,58,83,57,84,54,66,81,66,70,65,23,23,40
51|19,40,30,76,50,40,75,10,74,89,89,22,69
52|64,81,17,32,74,74,27,60,50
53|58,52,15,81,74,76,27,26
54|78,12,76,28,20,86,35,19,18,56,20,50,30,11,89,84
55|6
56|77,77,82,45,61,29,58,67,16,18,3
57|28,37,50,56,56,68,23,74,18,11
58|1,62
59|89,56,54,5,9,41,14,23,18,74,52,9,51,89,48,54
60|75
61|23,63
62|24,18,84,63
63|21,63,1,58,62,78,22,88,20,84
64|42,34,18,26,42,2,25,89,55,87,8,77,43,3,65,88,21,59,61,48
65|35,70,70,29,59,2,50,78,18,83,52,51,34,78,26,35,13,25,22,33
66|31,75,57,6,73,77,86,66,57,9,11
67|11,62,7
68|22,17,51,37,68,13,70,78,38,15,2,84,58,56,71,88,41,60,26
69|47,23,22,36,53,55,73
70|49,12,30,3,50,81,39,51,26,42,39,85,78
71|79,47,28,82,45,1,52,71,46,31
72|1,67,11,77,72
73|36
74|37,38,66,28,76,27,75,50
75|70,39,38,81,85,66,74,62
76|58,65,45,89,1,67,66,34,54,70,40,89,86,9
77|63,58,67,89,43,28,65,23,66,36
78|83,34,21
79|32,78,53,9,77,75,75,75
80|39,56,81,60,52,89,29,25,58,7,47,11,56,44,56,54,79,3,47,23
81|34,77,11,19,85,21,5,71,28,23,42,83,14,13,68,36,63,25,26
82|71,36,57,26,24,21,37,26,89,82,48
83|69,81,74,86,34,78,67,61,34,20,55
84|54,55,15,27,79,40,51,83
85|18,41,32,61
86|58,82,69,38,48,70,51,33,67,84,43
87|56,76,85,43,56,71,8
88|31,19,43,81,12,73,31,52,15,24,62,5,17,63
89|64,44,26,29,43,21,5,19,76,80,37,29,68,40,58,71
# Graph 42
1|28,27,27,31,20,29,9,22,2
2|16,28
3|20,25,2,5,4,11,28,9,21,27,13,3,20,9,7,11,20
4|6,15,2,4,2,30,13,23
5|6,7,27,14,26,19,15,30,22,26,26,30,14,20,11,17
6|19,23,18,6,30,23,20
7|27,21,29,7,12,28,12
8|22,25,11,8,7,8,29,32,1,26,14,20,4,30
9|22,20,12,28,18,2,15,16,28,4,12,2,15,7,13
10|28,5,10,3,12,17,31,11,18,25,24,5
11|21,31,18,9,10,13,26,12,27,9,7,30,21,9,12,27,21,11,23,26
12|25,5,5,24,15,22,16,7,26,11,27,25
13|3,2,8,28,13,3,5,20,32,25,28,12,19,16,22,9
14|10,2,13,14,25,28,3,8,2
15|18,28,20,14,31,22,21,26,2,23,30,21,23,22,16,2
16|32,23,17,8,32,18,21,13,10,16,15,17,17
17|3,12,30,16,10,19,4,4,21,27,1,9,17,23,25,18,31,24,8
18|31,8,1,19,20,10,2,3,27,18,13,29,30,10,12,7,29,15,10
19|9,11,25,25,1,17,10,31,8
20|13,7
21|13,25,12,23,27,14,17,12,26
22|9,4,24,16,32,6,25,16,15
23|8,7,3,25,17,1,32,2,14,6,26
24|31,5,16,25,19,32,4,12,12,13,15,3,28,14,9,20,29,23
25|5,29,25,29,13,26,28,14,7,2,7
26|32,12,16,24,30,15,27,9,27,7,24,29
27|5,5,22,2,27,12,6,24,4,2
28|29,29,18,3,30,24,3,29,3,18,20,32,32,15,9,26
29|32,23,23,4,27,12,5,22,23,10,13,26,11,16,23,8,1
30|5
31|27,2,27,12,21,27,12,3,3,5,24,2,27,14,5,22,25
32|11,15,19,23,8,30,6,30,5,7,23,9,31,17,10,25,29,31
# Graph 43
1|48,16,19,12,55,14,62,52,5,42,49,6
2|60,24,63,45,16,5,62,1,41,61,18,46,55,31,44
3|46,12,46,62,30,57,53,43,54,39,47
4|22,50,37,19,8,34,61,24,38,58,22,16,55,40,59,44,5,37,44,50
5|26,48,12,17,36,53,7,9,34,37,31
6|8,47,24,39,44,47
7|36,4,26,25,41,19,6,45,53,47,31,35,7,16,45,21,49
8|28,57,2,62
9|18,4,7,42,42,49,23,52,21,24,13,46,1,31
10|45,21,30,11,53,34,26,34,54,9,2,18,2,2,14,24,19
11|28,58,58,13,16,47,32,39,57,12,38,24,60,19
12|24,29,30,57,52,63,47,60,2,63
13|3,13,20,19,30,47,12,24,58,27,5,26,63,61,35,37,20,29,56,59
14|19,25,45,6,25,26,63,24,25,59,24,38,13,40,4
15|51,25,54,14,28,14,14,23,48,48,42,13,38
16|62,57,60,43,60,19,5,59,42,28,53,63,2,2,40,3,61,27,27
17|39,54,60,50,12,44,34,53,54,9,25,52,63,20,29,57,38,32
18|15,59,39,12,58,41,51,60,36,13,21,22,51,10
19|35,21,60,3,10,48,11,33,35,8,50,61,1,24,27,51
20|20,26,46,14,3,33,10,39
21|31,58,28,40,10,62,60,4,2,4,50,10,34,19,16,20,16
22|42,43,1,12,62,27,57,11,27,27
23|63,4,48,55,32,22,63
24|16,3,29,20,50,37,51,5,52,8
25|2,49,61,3,60,57,27,54,2,53,15,22,51,18,4,42
26|26,39,12
27|40,40,56,26,13,44,29,62,51,47,1,34,42
28|30,33,27,18,35,14,30,54,1,46,57,41,29,17,16,40,56,55,15,48
29|25,28,44,24,13,27,22,46,5,22,11,37,46,26,8,59
30|59,58,38,53,33,1,4,46,41,57,38,55,42,51,16
31|31,37,15,55
32|60,57,14,5,30,59,29,36,55,21,31,47
33|18,16,56,22,61,31,15,33
34|54,20,34,56,48,7,7,39,63,1,32,13,4,60,9,32,30,61,50,58
35|42,13,57,32,32,54,61,44,24
36|35,41,48,25,24
37|29,60,52,27,27,62,30,23,5,59,50,63,45,44,43,21,56,36
38|22,25,48,3,46,62,35,21,47,59,44,36,24,41,22,50,4,20,15,24
39|10,10,22,55,51,63,12,44,35,62,2,57
40|2,39,43,36,60,24,31,40,59,52,15
41|37,18,32,51,39,54,58,46,13,47,34,12,57,12
42|53,13,38,34,13,11,11,48,7,34,14,45,29,2,59,41,36,12,9
43|50,63,16
44|10,60,1,19,53,12,62,43,22,34,13,34,45,23,19,49,54,30
45|17,31,26,57,2,35,2,22,19
46|35,49
47|32,49,26
48|60,23,61,19,54,8,50,33,28,3,19,18,32,48,34,61
49|27,62,40,27,18,59,25,53,42,33,19,28,56,37,22,13,33,38,4,38
50|34,3,27,52
51|57,35,50,54,40,11,52,17
52|6,10,62,56,51,29,9,13
53|44
54|32,13,7,35,50,29,3,50,54,55,5,47,24,52,37,63,62,23,14,36
55|23,34,19,9,60,25,19,17,5,51,46,15,58,15,2,23,18,49
56|9,51,57,32,39,30,29,38,52
57|8,15,63,39,31,6,35,55,25,49,58,12,32,9,6,46,10,27,63
58|37,6,44,31,35,20,60,1,55,47,41,62,59
59|37,26,46,8,15,7,54,9,16,22,18,22,5,25,46,2,18,19
60|60,49,42,14,44,40,5,25,17,1,20,57,37,43,37,42,57,43
61|1,56,52
62|14,56,38,59,55,56,13,62,50,59,39,63,37,15
63|61,32,2,15,23,38,57,59,14,49,36,43,49
# Graph 44
1|51,68,69,67,30,59,7,67,54,54,60,67,72,50,11,55,50,16
2|1
3|33,45,48,34,55,62,26,53,43,21,30,37,1
4|67,59,30,44,23,67,30,17,66,7,11,31,40,26,50,24,65,66
5|23,11,33,68,36,12,37,40,25,58,40,48,35,9,61
6|16,54,19,16,30,9,26,61,48,35,21,55,10,70
7|32,7,66,26,26,62,46,66,13,30,16,44
8|9,31,53,8,12,71,23,41,6,32
9|37,66,32,2,2,13,35,17,19,12,26
10|73,71,21,69,12,20,40,59,28
11|22,19,8,3,41,33,8,72,44,28,48,60,30
12|72,64,49,1,59,1,29,58,56,49,54,67,53,4,36
13|73,58,10,65,44,50,24
14|33,51,63,64,37,19,24,19,67,72,20,52,57,32,21,39,65
15|16,44,61,35,34,44,3
16|35,47,61,58,9,20,36,71
17|56,1,17,2,51,73,5,13,56,20,17
18|11,1,20,54,45,54,72,16,57,25,50,30,12
19|22,15,38,19,9,20,3,9,5,37,65,66,50
20|13,66,35,7,51,54,45,22,19,43,21
21|51,71,72,47,73,20,45,37,22,37,40,25,46,29,61,37,21,21,68,17
22|29,24
23|67,68,53,12,21,1,54,55,55,52,12,54,71,57,17,19
24|40,27,49
25|15,70,73,19,48
26|16,60,23,63,53,1,27,48,5,27,28,60,8,6,55
27|3,38,61,6,42,11,32,1,6,30,70,5
28|28,4,64,15,27,38,67,27,64,26,16,17,53,59,8,43,40
29|29,5,23,34,30,33,50,30,38,6,11,26,54,38,30
30|36,56,66,14,66,40,39,65,56,2,50,47,44,17,25,57,5,47,1,34
31|50,47,28,56,57,53,20,6,9,48,41
32|24,54,25,63,3,16,29,5,66,2,32
33|26,15,70,72,16,14,62,49,60,16,15,28,68,35,33,4,66,57,35
34|22,59,63,24,59,3,12,51,4,44,43,14,42,39,69,41,52,57
35|22,72,31,49,51,49,65,38,42,33,72
36|54,42,72,4,27,1,73,4,5,43,30,2,68,68,70,36,30,54
37|51,36,66,11,13,26,2,50,51,34,49,3,14
38|1,2,27,2,58,30
39|11,59,64
40|37,60,24,66,40,59,27,60,36,37,72,61,39,49,38,56,24,24,54
41|24,39,50,9,23,63,55
42|32,45,37,68,16,45,44,39,30,70,25
43|34
44|36,56,72,57,22,6,7,2,29,15,40,62,7,46,51,62,5,9,17
45|60,32,70,30,71,26,26,22,2,43,45,21,9,27,5,31,32,68,32
46|66,56,32,57,28,66,45,33,58
47|42,44,20,38,57,1,47
48|22,48,36,51,69,45,4,57,2,20,35,17,63,28,72
49|11,27,55,39,43,40,10,11,67,13,48
50|13,21,44
51|53,6,69,32,34,56,15,35,2,33,52,65,44,34,54,38,44,35
52|70,1,13,7,52,9,38,29,22,43,56
53|6,45
54|37,6,1,35,40,60,67,2,51,22
55|15,59,63
56|62,60,34,58,50,12
57|72,24,71,41
58|21,46,50,39,66,55,24,27,6,10,4,64,44,25,10,58,11,57
59|56,43,66,24,3,4,73,1,11,71,41,16,2,70,50,41,46,15
60|56,20,73,44,68,27,68,4
61|62,60,43,28,13,20
62|16,7,35,16,18
63|41,33,17,21,66,41,67,8,15,33,11,71,3,5,24,71
64|34,43,52,4,55,49
65|16,64,13,34,63,30,49,14,47,50,19,39,17,69,30,32,28,41,29,31
66|53,12
67|13,38,73,73,19,48,6
68|22,19,68,68
69|28,9,5,4,11,28,4,6,57,35,33,8,48,63
70|11,58,57,7,23,40
71|25,71,69,43,19,71,38,71,14
72|63,18,36,73,45,39,5,29
73|37,36
# Graph 45
1|14,9
2|6,20,27,20,8,10,12,20,15,29,2,13,1,2,4,7,29,5,31,7
3|8
4|22,27,25,9
5|6,17,11,11,4,6,31,12,15,10,31,29,6,32,10,7,2,13,13,30
6|12,4,18,19,20,7,13,12,15,16,17,31,27,28
7|32,26,13,14,3,11,10,8,11,19,14,12,32,27
8|17
9|12,2,24,31,8,5,10,22,20,27,20,14,22,21
10|15,2,26,17,12,4,24,22,22,6,1,21,32,9,5,5,21
11|28,19,13,32,29,2
12|23,21,1,12
13|14,26,11,7,10,22,10,1,12,32
14|12,20
15|21,25,9,9,30
16|27,11,4,23,12
17|13,1,24,24,10,5,17,20,11,26,9,21,27,20,20
18|32,7,5,20,31,13,28,29,17,22,7,21,13,18,11,25
19|2,17
20|6,1,14,17,27,23,5,21,10,24,20,9,30,24,28,29,5,23,25
21|13,31,9,25,16,20,17,2,21,1,28,27,2,10,11,28,32
22|16,9,6,3,18,3,27,13,31,31,4,23,19,16,21
23|8,5,15,24,6,3,25,1
24|26,10,7,21,9,21,4,18,26
25|3,29,32,15,27,30,18,18,17,1,6,12,8,10,26,32,15,28
26|16,25,17,25,31,5,2,20,8,19,13,13,21,9,13,3,4,10,21,21
27|21,26
28|29,4,30,28,18
29|19,1,18,3,26,16,7,27,3,14
30|16,26,1,24,6,3,27,16,23,15,9,12,9,14,8,12,11
31|29,4,21,30,21,23,23,5,29,17,7,10,29,22,3,29,14,9,31
32|24,22,23,32,1,31,13,8,10,24,10,6,27,30,3,16,20,25,20,16
# Graph 46
1|57,7,26,27,19,21,55,56,47,2,54,41,21,4,40,15,35,17
2|53
3|46,35,49,51,24,2,59,15,17,2,16,28,27,46,46,51,42,46,43
4|40,24
5|43,5,23,22,25,25,15,27,15,49,17,10,17,22,13,31,42,15,46
6|45,33,56,37,19,46,24,6,27,51,18,14,59,40
7|25,9
8|51,28,44,12,37,5,33,50,36,16
9|26,29,53
10|25,34
11|16,57,35,42,53,52,55
12|36,35,17,44,30,9,16
13|20,53,22,57,47,2,13,55,32,41,48,34
14|27,4,26,28,38,12,21,34,11
15|10,50,30,57,20,42,14,41,7,7,3,4,57,9,20,52,40,5
16|18,19,15,21,48
17|3,59,4,36,15,21,49,5,55,47,24
18|1,9,43,11,11,50,12,19,10,8,3,19,51,21,37,11,41,26,53,48
19|1,28,43,22,18,47,17,5,15,57,9,23,45
20|34,35,34,56,49,41,59,12,36,24,48,46,5,18,43
21|47,44,25,30,10,46,18,30,50
22|27,3,55
23|25,33,55,58,33,44,43,36,55,19,59,47,6,9
24|48,5,52,36,33,26,45,19,43,15
25|20,46,15,19,2,43,51,56,45,28,44
26|5,43,47,4,31,56,12,40,44,21,32,25,53,57,10,13,45,29,25,5
27|44,23
28|27,18,21,13,45,9,40,49,52,27,57,27
29|9,7
30|33,42
31|27,43,49,43,28,22,8
32|40,51,58,5,19
33|29,35,6,41,15,58,33,46,55,4,13,9,10,28,41,55,8,12,39,2
34|11,23,7,47,8,57,49,16,20,10,48,54,19,29,14,17,7,59,17,10
35|29,24,48,10,19,55,26,2,56
36|13,24
37|4,31,28,52,50,51,6
38|50,28,7,4,45,13,7,6,27,26,34,50,14,47,13,10,13,15
39|37,31,33,7,34,8,38,30,2
40|36
41|24,4,50,27,52,7,37,2
42|3,35,23,17,23,40,26,39,58,35,16,29
43|27,7
44|5,36,26,38,16,5,2
45|58,28,20,6,9,22,38,12,56,6,28,23,45,53,3,47
46|22,16,48,48,22,13,57,2,38,35,18,46,37,45,45,9,5,54,18
47|32,33,27,41,1,53,30,57,55,17,33,22
48|22,10,57,38,11,4,16
49|25,6,27,10,50,39,14,44,1,44,21
50|11,6,37,8,36,34,4,52,8,29,29,33,42,30,11,53,33
51|39,2,35,10,11,30,48,29,18,53,13,42,26,27,48
52|34,24,41,41,20,52,10,52,25,52,27,39,49,4,9,32,6
53|41,16,18,33,44,35,26,1,18,56,27,6,4,6,33
54|46,56,37,1,49,6,56,16,45,45,19,53,17,28,41
55|44,3,34,32,38,1,33,59,1,4,9,4,9,41,51,55,37,32,59,30
56|55
57|27,40,13,24,1,40,6,2,28,8,35,1,49,39
58|48,39,36,56,46,49,41,38,44,23,10,47,52,51
59|42,18,26,54,42,26
# Graph 47
1|27,3,3,2,7,52,41,43,44,24,19,45,11
2|30,52
3|52,6
4|45,57,28,31,19,53,25,5,23,3,55,49,9,3,51,15
5|36,57,42,4,21,31,18,32,2,10,32
6|16,18,42,17,50,13,39,47,41,44,11,44,43,59,56,45,54,12,43,34
7|30,38,29,1,55,2,6,10,37,4,25,54,49,45,48,7,24
8|47,8,50,35,55,49,32,40,48,43,28,22,55,57,4,25
9|4,30,8,13,7
10|37,5,4,26,57,10,49,33
11|2,27,36,56,16,12,40,8,58,8,34,54,5,37,23
12|40,52,18,52,3,36,33,11,39
13|8,49,56,44,54,57,11,30,57,31,46,41,42,44,49,16,38
14|57,1,8,41
15|29,34,3,5,11,14,48,14,25,37,10,10
16|11,24,5,12,54,50,52,37,39,45,56,21,43,53
17|50,35,22,24,13,25,28,27,42,16,40,7,56,53
18|31,8,40,40,23,38,34,16,19,13,1,16,34,43,9,59,38
19|25,2,59,53,33,27,35,53,11,42,53,9,2,25
20|45
21|39,24,42,58,46,59,3
22|37,46,11,40,28,57,9,33,2,3
23|28,41,3,42,27,56,50
24|25,11,14,33,53,41,19,51,32,22
25|33,3,43,47,46,15,49,55,47,50,2,2
26|42,4,4,10,4,54,42,28,5,59,5,57,45,28,52,17,49,49,49,52
27|41,42,51,30,37,43,24,42,44,45,25,47,52,38,55,46,20
28|54,19,32,55,4
29|51,20,48,41,14,44,18,54,27,9
30|8,51,55,50,35,40,19,27,32
31|22,23,20,48,21,42,20,17,46,19,8,10,12,48,27,55,6,25,26,19
32|38,10,47,32,45,31,50,16,8,50
33|34,14,29,54,55,53,15,45,12,23,59,27,15,26,27,25,51,52,43
34|34,56,39,6,45,14,59,1,25,53,41,58,7,15,53,7
35|8,51,23,34,54,54,53,21,21,18,16,17,5
36|51,5,45,56,50,4,1,54,28,53,40,27,5,54,24,11
37|31,6,32,10,1,26,3,25,46,24,40
38|32
39|58,36,36,58,26,43,58,25,11,56,5,41,1,3,9,15,12
40|24,43,53,28,14,59,52,59,23,36,7,54,27,5,34,7,4
41|49,6,29,4
42|33,49,6,35,57
43|46,41,48,33,38,16,46,37,13,50,4
44|1,57,19,10,36,25,17,40,18
45|9,26,28,45,19,33,24,16,57,14,2,49,46,43
46|37,21,21,31,24,14,31,26,32,40,2,2
47|45,23,23,53,48,50,42,11,27
48|27,28,19,32
49|9,15,26
50|39,46,20,8,59,51
51|36,35,38,41,36,27,4,58
52|56,52,6,7,23,11,37,51,33,13,8,41,32,33,31,15,24,50,22
53|45,58,3,21,40,47,56,7,51,58
54|51,54,39,57,17,49,39,12,26,51,20,12,27,56,46,42
55|40,4,47,26,7,53,50,50,41,50,57,32,48
56|27,46,11,28,7
57|7,19,30
58|42,45,29,42,31,11,3,11,19,53,40,25,46,30,15,27,20
59|3,12,51,29,57,2,2,9,9,8,31,42,14,17
# Graph 48
1|1,13,6,26,16,14,4,11,4,31,2,34,18,4,24
2|32,4,27
3|7,14,21,12,24,19,16,34,2,3,18,15,15,1
4|7,26
5|30,30,16,31,5,33
6|28,12,7,32,16,33,15,29,18,26,29,14,19,28,27,33
7|6,12,22,23,31,25,8,25,31,35,20,12,9,7,4,21,14
8|13,11,4,18,5,6,12,30,24,16,22,33,2,27,10,1,26
9|25,10,6,32,9,2,8,18,8,23
10|21,12,4,8,15,21,25,20,32,19
11|12,5,18,26,9,4,26,34,20,27,9,25,23,29,26,7
12|11,29,2,8,17,5,16,31,3,5,28,11,23
13|23,5,7
14|13,11,15,23,30,18,8,32,17,2
15|23,24,9,28
16|29,10,19,9,17,21,25,9,32,24,21,31,28
17|20,17,3
18|5
19|5,24,17,21
20|16,20,3,1,12,5,29
21|35,14,15
22|15,23,29,4,9,1,8,13,32,25,27,19,6
23|23,6,29,20,8,21,4,10,21,15,26,27,13,25,17
24|22,32,26,27,35,34,4,7,11,35,8,14
25|25,26,17,31,19,1,3,4,4,12
26|31,14,4,20,3,21,23,2,17,13,5
27|24,9,11,11,20,19,25,15
28|15,8,3,33,21,17,13,1
29|25,31,18,29,15
30|26,14,34,7,27,3,11,15,23,21,25,8,16,14,34,1
31|6,3,14,26,32
32|27
33|28,34,19,21,26,16,11,4,14,29,30
34|4,9,16,1,11,23,17,24,21,17,29,3,31,7,6,27,10,9
35|2,7,23
# Graph 49
1|34,24,8,10,43,48,27
2|28,50,63,1,55,62,48,12,58,4,20,8,12,3
3|24,36,13,52,30,15,41,13,48,64,20,57,42,3,20
4|30,5,45,30,60,43,14
5|36,17,26,43,28,28,10
6|63,22,38,29,37,14,41,20,13,60,13
7|62,32,36,28,36,17,57,31,59,6
8|30,23,63,9,50,27,18,37,25,39,10,53,11,24,29,31,36,24
9|26,22,10
10|49
11|13,41,12,7,47,49,37,5,47,45,54,9,62,26,34,36,36
12|47,59,51,13,30,10,55,55,31,64
13|15,44,64,56,55,7,38,39,43,42,22,23
14|30,20,57
15|55,28,21,37,22,7,49,51,16,39,42
16|38,29,61
17|28,52,8,34,25,47,12,2,4,34,33,33,53,25
18|44,52,52,16
19|58,1,59,9,39,36,55,13,64,52,30,28,39,37,61,64,19
20|1,22,42,33,55,31,57,22,10
21|9,25,52,2,25,47,10,64,18,1,12,18,52,41,45,26
22|41,25,32,49,26,53,27,58,43,57,51,64,2
23|8,26,18,9,51,64
24|50,17,19
25|34,6,37,14,31
26|55,56,16,39,17
27|1,10,47,57,60,47,58,26,54,20,43,63,6
28|17,55,58,35,51,28
29|23,41,6,7,31,61,23,6,13,27,6,23,9,63,18,55
30|43,45,11,21
31|16,62,59,6,56,29,56,19,4,14,59
32|21
33|6,43
34|18,5,36,40,13,34,58,4,26,36,48,36,57,26,52,54,20,57,45
35|49,63,51,62,58,59,18,19,64,60,49,18,64,20,57,13,54,50,16,15
36|63,50
37|24,37,3,43,30,48,26,14,46,12,11,39,6,29
38|6,24,41,23,24,61,15,36,50,1,51,64,22
39|49,35,8,22,37,50,51,20,11,64,2,22,10,40,27,38,33
40|62,9,54,21
41|5,56,54,5,42,53,26,26,38
42|33,59,32,18,45,52,28,44,53,49,53,28
43|27,60,43,24,5,32,44,9,36,35,63,40,12,51,1,37,24,60,5
44|28,22,62,15,49,41
45|33,30,30,43,56,26,21,15,30,53,58
46|24,28,36,64,39,23,64,11,46,60,15,64,23,36,61,37,20,38
47|52,3,4,30,58,29,51,8,58,39,1,32,62,28,3,61,2,25,61
48|7,56,26,6
49|61,2,50,16,39,24
50|41,27,32,34,56,18,41,49,56,41,16,54,4,19,50
51|43
52|16,49,37,41,54,50
53|56,35,52,30,58
54|7,21,22,40,12,39
55|60,31,57,12,20
56|30,5,1,8,51,17,57,23,57
57|9,30,37,43,17,3,37,7,9,57,28,48,4,2,64,63,32,57
58|51,53,39,56,53,47,42,5,39,64,62,20,8,27
59|51,43,59,23,49,3,15,12,50,18,14,50,16
60|42,26,32,30,64,23,18,46,64
61|20,63,20,40,7,46,32,57,24,26,15,9,28,29,20
62|46,33,62,61,14
63|22,45,4
64|3,22
# Graph 50
1|1,2,1,3,2,5
2|1,4,2,2,1,2,5,3,5,4,2,5,3,2,1,5
3|1,4,1
4|5,3,3,5,4,4
5|2,5,2,2,4,5,3
